-0.31602	-0.016703	-0.12507	0.063265	-0.019358	-0.28617	-0.42428
-0.16216	-0.20048	0.3801	0.028526	-0.15227	0.019248	-0.14537
0.043475	0.12709	0.024921	0.2812	-0.08668	-0.16863	0.16088
0.34616	0.094686	-0.2586	0.060005	-0.090539	0.025705	0.34705
0.1042	-0.27151	-0.059683	-0.26428	0.18899	-0.064821	-0.091752
0.12189	0.027629	-0.13586	-0.26065	-0.22518	-0.10512	0.23745
-0.069216	-0.23811	-0.058409	-0.23085	-0.052487	-0.0026692	0.09677
-0.058227	0.23066	-0.074193	0.35384	-0.030801	0.13889	-0.084202
-0.16514	-0.064384	0.10521	-0.23746	0.34	-0.0070785	-0.13067
0.15505	0.31113	0.20158	0.20641	0.12832	0.45064	0.034125
0.47673	-0.16559	0.037076	0.19645	-0.038649	0.19322	0.25215
0.016839	-0.042034	0.25638	0.31072	0.054216	0.40618	0.35842
0.014789	0.14063	0.2605	0.18881	0.23237	-0.026636	0.26411
0.087433	0.032473	0.11139	0.24711	0.31353	0.26263	0.42715
0.11835	0.14386	0.19442	0.38998	0.75324	0.25444	0.64459
-0.0094248	0.236	0.1158	0.42378	0.33668	0.66453	0.45793
0.36348	0.28902	0.19609	0.34928	0.34625	0.65013	0.57841
0.37261	0.22544	0.28089	0.61275	0.56272	0.81361	0.66743
0.19547	0.3038	0.2304	0.67813	0.53372	0.64622	0.44901
-0.064374	0.45641	0.4248	0.60176	0.69098	0.59717	0.77389
0.19361	0.21005	0.52833	0.91515	0.75418	0.58047	0.73978
0.088178	-0.15702	0.84998	0.89904	0.63976	0.6451	0.27774
0.42569	0.38899	0.57391	0.41642	0.66849	0.67639	0.23676
0.13027	0.34751	0.55264	0.42276	0.19698	0.67316	0.65831
0.28338	0.28778	0.59068	0.48804	0.42289	0.17559	0.09128
0.18671	0.24208	0.34432	0.39417	0.21919	0.4096	0.28549
0.62053	0.80957	0.27814	0.55603	0.084285	-0.0044086	0.13157
1.0629	0.96517	0.60127	0.02564	0.34758	-0.33118	-0.46997
2.2926	2.1571	0.39637	0.090273	0.19325	-0.1957	-0.4034
3.6827	3.0718	1.224	0.62411	0.089873	-0.030982	-0.17449
5.4662	5.2192	1.511	0.82714	0.62885	0.38495	0.42117
8.6625	7.1464	2.7913	1.8154	1.247	1.2173	1.1093
11.564	10.527	4.1582	2.7696	2.0524	1.9804	1.9085
15.098	13.762	6.0991	4.0656	3.6364	2.7592	2.7765
17.219	16.753	7.905	5.3319	4.0352	3.6502	3.9635
17.396	18.069	9.5611	6.3627	5.0025	4.495	4.6276
16.205	17.664	10.564	6.8319	5.5479	4.8407	4.86
13.63	15.421	10.41	6.1246	5.5799	4.0706	4.8647
10.556	12.767	9.2671	5.3874	3.8908	2.9725	3.3943
9.4961	10.992	8.1138	4.1843	2.9855	2.5153	2.9165
10.466	10.056	6.6176	3.3057	3.4243	2.4065	2.6205
14.959	12.786	6.3027	4.2589	3.992	4.6172	4.4027
20.918	17.233	7.3365	6.4992	6.7423	8.1286	7.7574
26.676	22.674	10.127	10.279	11.602	13.508	12.624
29.258	26.677	13.71	15.651	17.212	20.024	18.936
29.208	29.313	18.543	20.631	23.065	25.847	24.87
26.488	28.802	21.171	24.467	26.262	29.241	29.311
21.857	26.484	23.417	26.027	27.586	29.807	30.031
17.287	23.222	23.15	25.625	26.728	27.36	28.578
13.557	19.812	22.822	23.699	23.495	23.057	24.597
10.792	15.8	20.945	20.601	18.931	18.235	19.788
8.9196	12.834	18.649	17.161	14.255	12.687	14.42
8.1268	10.899	16.001	12.79	10.222	7.472	9.3503
7.7595	8.9067	13.518	9.1879	5.98	3.7384	5.5343
7.8929	8.2847	10.938	6.3141	3.0289	0.77201	2.0717
7.8161	7.5992	8.6881	3.5286	0.57337	-1.3033	-0.30547
8.721	7.4304	6.7567	1.652	-1.2647	-2.7696	-2.2481
8.4971	7.6846	5.2683	0.094279	-2.3539	-3.8607	-3.1081
8.3962	7.5499	3.8767	-1.1145	-3.1782	-4.2978	-3.6487
7.5693	8.1361	2.6596	-2.0257	-3.7576	-4.1514	-4.4472
7.3762	7.5793	2.6071	-2.7448	-4.0148	-4.0551	-4.2196
7.0836	7.5213	1.671	-2.6248	-4.0092	-4.1582	-4.0891
6.7755	7.6362	1.2453	-2.9651	-3.6316	-4.0769	-4.5349
6.4816	7.3649	0.6845	-3.2565	-4.1402	-4.0616	-4.3209
5.5862	6.8055	0.48196	-3.4568	-4.0388	-3.7414	-3.6787
5.7691	6.775	0.32216	-3.408	-3.248	-2.9494	-3.5149
5.4262	6.4596	0.039331	-3.4394	-3.4176	-2.1955	-2.8704
5.2822	6.1809	-0.51937	-3.2778	-3.0804	-1.4107	-2.2889
5.2196	5.7134	-0.53544	-2.8297	-2.1924	-0.28213	-1.3558
4.623	5.2388	-0.63289	-2.5875	-1.3506	1.2017	-0.18763
5.3016	5.2047	-1.0399	-2.3629	-0.40865	2.492	1.1144
4.8152	4.6466	-1.1954	-1.7276	0.46214	3.7035	2.0506
5.0367	4.8266	-1.3955	-0.57181	1.5494	4.7789	3.326
4.8584	4.5314	-1.527	0.1428	2.488	5.574	4.201
4.6427	4.147	-0.96513	0.70663	3.4634	6.2321	5.1069
4.5712	4.1599	-1.1387	1.4579	4.0501	6.4427	5.5004
4.3999	4.2248	-0.83249	2.3387	4.5596	6.1936	5.8873
4.6021	4.4301	-0.63828	2.8556	4.744	6.2177	5.7552
4.5982	4.3735	0.026292	3.3964	4.707	4.9606	5.6083
4.5809	4.0799	0.26432	3.2802	4.839	4.6566	4.6737
4.3319	4.1694	0.42725	3.779	4.2143	3.9225	4.2537
4.0521	4.1404	0.86713	3.4293	3.5961	2.4913	3.7567
3.8139	3.8798	1.0042	3.3838	3.4689	1.8312	2.9698
3.9539	4.0041	1.2813	2.8571	3.0882	1.1187	2.2283
4.0739	3.843	1.1504	2.6891	1.3947	0.50167	1.5992
3.7168	3.6562	1.9003	2.2696	1.8724	0.020551	0.40372
3.4596	3.3084	1.6893	2.1978	1.0974	-0.42382	0.54587
3.7274	3.6036	1.6449	1.6484	0.54529	-0.86284	0.27588
3.3417	3.5831	1.5559	1.2731	0.55381	-0.53564	-0.3588
3.655	3.2834	1.6355	1.0727	-0.497	-1.0745	-0.62545
3.7908	3.3071	1.8827	1.0494	0.047033	-1.0319	-0.62231
3.2681	3.3024	1.3851	0.4968	-0.29317	-0.7943	-0.61653
3.4739	3.0908	1.256	0.29247	-0.19445	-1.0176	-0.57594
2.9984	3.6427	1.1574	0.13032	-0.76256	-0.55613	-0.7674
3.419	3.6193	1.2949	-0.049704	-0.52813	-0.48609	-0.63045
3.4879	3.0341	0.98144	0.25801	-0.76495	-0.42549	-0.79564
3.4104	3.0189	1.0375	-0.19369	-0.12486	-0.1089	-0.52683
3.2558	2.9227	1.0789	-0.22815	-0.7716	0.039488	-0.0079303
2.8462	2.9962	0.79341	-0.13045	-0.28532	-0.142	0.090005
3.1608	2.5657	0.7341	-0.37977	-0.23117	0.35968	0.049812
3.0992	3.1008	0.69195	-0.39374	-0.63962	0.48268	0.27078
3.213	3.1104	0.8039	-0.14209	-0.049028	0.14541	0.10422
3.2124	3.1067	0.57234	-0.012358	0.23077	0.17304	-0.15557
3.0891	3.0132	0.81224	-0.2587	0.053817	0.50968	0.035203
3.1901	2.6654	0.18462	-0.31364	-0.19458	0.029244	-0.15842
2.9466	2.7462	0.27138	-0.0362	-0.29676	0.039116	-0.19439
3.1975	2.482	0.28207	-0.26363	-0.35397	0.20303	0.064908
3.1278	2.3271	0.28756	-0.060322	-0.039447	0.22551	0.48332
2.765	2.7697	0.13589	-0.20403	0.28492	-0.051161	-0.21704
2.7315	2.6747	0.13982	0.065035	0.31313	-0.16826	-0.018715
2.7514	2.6026	0.050507	0.18732	-0.21001	0.019434	0.36627
3.0803	2.6089	0.43274	0.0031947	0.46906	0.11257	-0.026754
2.987	2.5898	-0.2182	-0.15718	0.22039	0.097727	-0.29086
3.2195	2.606	-0.13586	-0.053896	-0.23583	-0.21712	0.037263
2.9699	2.9236	0.29687	0.10834	-0.39561	-0.17962	0.064124
2.8501	2.5661	0.084035	0.070717	-0.0020625	-0.031975	0.0011868
2.9738	2.6036	0.43235	0.17698	-0.32044	-0.21501	-0.11224
3.0939	2.5864	-0.016842	-0.30806	-0.28958	-0.17453	-0.3885
2.9902	2.5118	-0.022724	-0.038902	-0.40014	-0.25245	-0.41644
2.849	2.2171	0.19374	0.071275	-0.2337	-0.066622	-0.25135
3.1003	2.4416	0.12246	-0.28263	-0.19791	-0.26164	-0.43124
2.8488	2.5432	0.18589	-0.098505	-0.42076	-0.45467	-0.068516
2.8699	2.6614	0.34922	-0.15671	-0.40546	-0.44654	-0.28821
3.1102	2.2847	-0.12988	-0.28002	-0.2651	-0.36036	-0.30449
3.1141	2.5613	0.21962	-0.36636	0.035323	-0.16155	-0.37576
3.2713	2.5885	0.28059	-0.40119	-0.22917	-0.52589	-0.35282
3.2165	2.6222	-0.04684	-0.036014	-0.46493	-0.56047	-0.30203
2.8771	2.4846	-0.16899	-0.33441	-0.38856	-0.2848	-0.39987
3.3421	2.6874	0.01502	-0.28319	-0.28638	-0.43934	-0.38056
3.0351	2.6579	-0.30095	-0.2492	-0.46001	-0.36272	-0.0015581
3.1163	2.5286	0.23883	-0.39541	-0.53824	-0.51378	-0.26213
3.5203	2.87	0.095309	-0.086771	0.056611	-0.29045	-0.37693
3.207	2.7741	0.075702	-0.12496	-1.0348	0.015833	-0.20037
3.1016	2.4261	-0.037918	-0.1338	-0.075903	-0.48516	-0.14832
3.22	2.9013	0.28314	-0.056689	-0.20363	-0.35043	-0.66613
3.234	2.9287	0.48304	-0.0093784	-0.43207	-0.32274	-0.2989
3.0858	2.612	0.13599	-0.27844	-0.43606	-0.35713	0.071771
3.1712	2.8765	-0.30369	-0.36123	-0.30607	-0.54545	0.15245
3.18	2.5992	0.027469	-0.36217	-0.33362	-0.026201	-0.4083
3.2433	2.8474	0.087957	-0.0080752	-0.20749	-0.20129	-0.19469
3.3024	2.8823	0.36677	-0.49078	-0.28931	-0.28908	0.2152
3.1476	2.4805	0.33922	-0.24743	-0.25831	-0.2604	-0.49908
2.8792	2.4927	0.26167	-0.28533	-0.1866	-0.17968	-0.1343
3.2498	2.6424	-0.0045879	-0.18577	-0.1387	-0.098162	-0.30341
3.3258	2.6774	-0.043998	-0.12188	-0.43926	-0.28958	0.14961
3.5475	2.6443	0.097759	-0.22712	-0.021088	-0.33087	-0.26115
2.9852	2.6855	0.14884	-0.37139	-0.12447	-0.20259	-0.25017
3.2547	2.6589	0.33089	-0.12794	-0.36422	-0.22929	-0.39791
3.2828	2.7698	-0.0032166	-0.39728	-0.3255	-0.20613	-0.43183
3.3923	2.5498	0.013255	-0.13026	-0.26416	-0.18558	-0.090966
3.1254	2.9131	0.33491	-0.24743	-0.34359	-0.2817	-0.28311
3.7593	2.7038	0.067566	-0.32249	-0.32976	-0.1158	-0.17214
3.3398	2.3681	0.16227	-0.17851	0.25033	-0.29591	-0.42713
2.8702	2.8181	0.066193	-0.40389	-0.021888	-0.25363	-0.33252
3.1925	2.952	-0.08527	0.0097142	0.25898	-0.26866	-0.31498
3.3657	2.5245	0.1256	-0.40752	-0.14269	-0.19142	-0.17155
3.0757	2.6345	0.21609	-0.023906	-0.5578	-0.28337	-0.33752
3.5214	2.5808	0.014528	0.021728	0.034127	-0.46858	0.22657
3.4233	2.8727	0.025214	0.087387	-0.63577	-0.44933	-0.20792
3.3461	2.5033	-0.075663	0.090088	-0.50578	-0.16019	-0.21606
3.1476	2.8231	-0.013116	-0.11313	-0.13671	-0.22712	-0.0080291
3.0446	2.8389	0.016196	-0.1325	-0.044902	-0.22911	-0.29782
3.2793	2.4711	0.10325	0.17596	0.016698	-0.016516	0.015009
3.1167	2.4681	-0.32653	-0.25832	-0.14176	-0.082825	-0.28243
2.9995	2.6962	-0.065566	-0.24724	0.19179	-0.18111	-0.24272
2.7732	2.2545	-0.1338	-0.036574	-0.45575	-0.09394	-0.31792
3.1658	2.3984	-0.034783	0.024896	-0.56392	-0.19409	-0.62829
3.2027	2.1317	0.25314	-0.42577	-0.038119	-0.23637	-0.5682
3.2774	2.172	0.10747	0.23361	0.2337	-0.093381	-0.097142
2.7449	2.4076	0.1757	-0.42438	-0.030269	-0.39066	-0.25106
2.7894	2.3702	-0.25369	-0.13194	-0.11262	-0.21408	-0.19067
3.1899	2.6622	0.14658	0.15221	0.11688	-0.32503	-0.10253
2.857	2.6619	0.066193	-0.10568	0.26243	-0.22203	-0.14067
2.611	2.9676	0.098936	-0.058832	-0.32257	-0.37241	-0.089496
3.0913	2.3802	0.037664	-0.13678	0.099187	-0.26034	0.11765
2.6581	2.6522	0.047371	0.028899	-0.52361	-0.54147	-0.34145
2.7145	2.5187	-0.092231	-0.21846	-0.15799	-0.25003	-0.57741
3.061	2.2423	0.099328	-0.24771	-0.16837	-0.66602	-0.24086
2.7019	2.5041	-0.28467	-0.036573	-0.1065	-0.29585	-0.26655
2.8546	2.4244	-0.1088	-0.16538	-0.31459	-0.2401	-0.27694
3.0064	2.5725	-0.093505	-0.37167	-0.33428	-0.0034769	-0.17204
2.7047	2.7099	-0.30036	-0.035921	-0.035856	-0.42574	-0.44879
2.6335	2.3967	-0.030469	-0.21967	-0.46826	-0.50931	-0.18979
2.8	2.4682	-0.024979	-0.0081676	-0.10291	-0.44015	0.18696
2.9975	2.7126	-0.075173	-0.4227	-0.00073152	-0.41034	-0.54771
2.9062	2.2937	-0.039684	0.15081	-0.25126	-0.30281	-0.26557
2.8974	2.5806	-0.12007	-0.048029	-0.013772	-0.46312	-0.2888
2.2209	2.6245	-0.076839	-0.20524	-0.14801	-0.33813	-0.44516
2.7479	2.3918	-0.1386	-0.16398	-0.62698	-0.6952	-0.57055
2.7775	2.4314	-0.10958	-0.25953	-0.22372	-0.48174	-0.48516
2.7311	2.3371	-0.0035106	-0.36487	-0.30541	-0.40581	-0.35703
2.6668	2.4631	-0.020078	-0.317	-0.59119	-0.74382	-0.42458
2.5862	2.4691	-0.21821	-0.26968	-0.043041	-0.61629	-0.73427
2.3545	2.8078	0.096387	-0.15392	-0.59279	-0.24599	-0.47605
2.8013	2.5437	-0.23967	-0.18754	-0.3545	-0.36719	-0.44173
2.6389	2.6167	-0.0014507	-0.23327	-0.70508	-0.19266	-0.60271
2.6413	2.628	0.044429	-0.25143	0.086148	-0.52359	-0.18831
2.2893	2.2401	-0.1738	-0.057063	-0.35703	-0.3842	-0.57898
2.6352	2.2836	-0.1285	-0.033965	-0.34586	-0.42555	-0.17488
2.9282	2.7991	-0.022528	-0.054082	-0.30195	-0.60636	-0.39987
2.4592	2.3701	-0.14125	-0.043745	-0.38337	-0.35819	-0.77956
2.8466	2.5468	0.21128	-0.30368	-0.39269	-0.58773	-0.62025
2.5633	2.5811	-0.029096	-0.2423	-0.37978	-0.57115	-0.7179
2.5214	2.5289	-0.056841	-0.16389	-0.56498	-0.51751	-0.5381
2.6281	2.7703	-0.1389	-0.37027	-0.31073	-0.41357	-0.48075
2.7562	1.9062	0.15403	-0.41339	-0.77586	-0.68136	-0.66427
2.6899	2.0618	-0.043703	-0.17525	-0.22132	-0.67869	-0.52046
2.6145	2.7035	-0.086544	-0.18298	-0.25219	-0.59977	-0.86612
2.3073	2.4169	-0.017725	-0.038436	-0.79236	-0.56258	-0.47252
2.6709	2.5536	0.085995	-0.45586	-0.47504	-0.63914	-0.25615
2.3856	2.3363	0.031783	-0.21157	-0.78784	-0.70098	-0.69613
2.8812	2.3281	0.12835	-0.44794	-0.66716	-0.59878	-1.0391
2.7415	2.6972	0.076781	-0.40091	-0.50365	-0.84683	-0.82191
2.773	2.58	-0.013802	-0.33739	-1.0821	-0.74283	-0.44252
2.5923	2.21	0.21148	-0.24407	-0.33508	-0.76779	-0.68574
2.207	2.4411	-0.13772	-0.22107	-0.33242	-0.73004	-0.89318
2.485	2.3099	-0.17223	-0.14423	-0.33455	-0.37073	-0.50791
2.5949	2.353	0.03737	0.020145	-0.73808	-0.63573	-0.3887
2.6542	2.0991	0.10247	-0.067959	-0.43925	-0.65305	-0.70692
2.6622	2.1904	0.050213	-0.20039	-0.52613	-0.59959	-0.39536
2.6037	2.1293	-0.27565	0.068853	-0.48782	-0.74463	-0.26213
2.7656	2.3568	0.089035	-0.022883	-0.5751	-0.56525	-0.2637
2.5989	1.9559	-0.066938	-0.26009	-0.53265	-0.66528	-0.74476
2.4886	2.4278	-0.0097836	0.015767	-0.42928	-0.62076	-0.39507
2.48	2.422	-0.02096	-0.42363	-0.55846	-0.80311	-0.50781
2.4115	2.3658	-0.032626	-0.50177	-0.3883	-0.47585	-0.18263
2.4402	2.5956	-0.26899	-0.36626	-0.44112	-0.32125	-0.3438
2.6644	1.8036	-0.074291	-0.27909	-0.25193	-0.71563	-0.38272
2.5635	1.863	-0.023704	-0.079693	0.14974	-0.5832	-0.64035
2.2977	2.4932	-0.24066	-0.15346	-0.60955	-0.59946	-0.091457
2.3953	2.1658	0.029332	-0.55132	-0.60623	-0.6682	-0.43301
2.2096	2.2833	0.15403	-0.35788	-0.56006	-0.83254	-0.082437
2.4049	2.2792	-0.30742	-0.43071	-0.19605	-0.58158	-0.29056
2.2943	2.2721	-0.064291	0.017909	-0.29942	-0.22942	-0.37742
2.0782	2.2504	-0.31379	-0.0025801	-0.76775	-0.71172	-0.32135
2.3042	2.6752	0.15001	-0.17944	-0.6967	-0.67099	-0.79191
2.3593	2.4305	-0.35163	-0.45977	-0.36608	-0.84962	-0.25645
2.2438	2.5596	-0.25163	0.1197	-0.52081	-0.18906	-0.57545
2.5005	1.9337	-0.12174	-0.15392	-0.50006	-0.72495	-0.74809
2.2371	2.3784	-0.19556	-0.16407	-0.46041	-0.74109	-0.45565
2.6901	2.3948	0.15442	-0.34289	-0.77733	-0.63802	-0.85887
2.2172	2.4467	0.1708	-0.47001	-0.47997	-0.44443	-0.68947
2.4033	2.7253	-0.25477	-0.76841	-0.89574	-0.58282	-0.87054
2.3578	1.9506	0.0014903	-0.34009	-0.50791	-0.7183	-0.35301
2.1507	2.2066	0.28677	-0.71858	-0.48609	-0.55718	-0.57428
2.3154	2.477	-0.36712	-0.62424	-0.051955	-0.23494	-0.56114
2.3116	2.5892	-0.43937	-0.64864	-0.68952	-0.1618	-0.63055
2.1803	1.9709	0.033548	-0.32799	-0.78411	-0.54154	-0.46124
2.3412	2.2941	-0.28703	-0.30843	-0.3263	-0.44996	-0.24537
2.3956	2.2352	-0.025764	-0.36934	-0.67262	-0.68987	-0.74182
2.3677	2.5634	-0.16105	-0.29967	-0.47079	-0.65143	-0.61702
2.4461	2.4642	-0.12821	0.10303	-0.45881	-0.45151	-0.50408
2.0764	2.5634	-0.22615	-0.68096	-0.25179	-0.63125	-0.35448
2.4165	2.1569	-0.12644	-0.12291	-0.22798	-0.55594	-0.80417
2.356	2.3872	-0.1288	-0.62256	-0.45469	-0.82708	-0.45075
2.3891	2.3047	-0.2582	-0.24296	-0.56937	-0.57798	-0.42262
2.1935	2.1444	-0.13674	-0.26102	-0.90186	-0.55464	-1.0136
2.7074	2.2669	-0.37104	-0.26996	-0.46028	-1.1444	-0.57045
2.12	2.0768	-0.11125	-0.36915	-0.80167	-0.71259	-0.82005
2.4178	1.8574	-0.053409	-0.30098	-0.75631	-0.83124	-0.65153
2.3748	2.2698	-0.27781	-0.88026	-0.67235	-0.69986	-0.82358
2.4219	2.2102	-0.25654	-0.29911	-0.4016	-0.65584	-1.0949
2.6363	2.7485	-0.15017	-0.68552	-0.5723	-0.92686	-1.0336
2.4262	2.9495	-0.39016	-0.27248	-0.15573	-0.93046	-0.73525
2.5473	2.3593	-0.45172	-0.44626	-0.5884	-0.60654	-0.74682
2.2064	2.5315	-0.21487	-0.47281	-0.95907	-0.49969	-0.63663
2.4716	2.3304	-0.0068429	-0.37129	-0.43207	-0.48957	-0.4133
2.4029	2.445	-0.22017	0.13293	-0.30514	-0.24575	-0.51379
2.2639	2.8409	0.042077	0.02564	-0.019092	-0.17863	-0.077732
2.323	2.6874	0.25854	0.28716	-0.052088	0.11704	-0.074007
2.3889	2.798	0.30187	0.2256	0.10717	0.26145	0.42019
2.7775	2.6824	0.54901	0.25577	-0.13804	0.052651	0.14834
3.2068	2.7223	0.25511	0.27728	0.33255	0.68844	0.40391
2.4936	2.8507	0.53931	0.28958	0.51057	0.20297	0.36764
2.6223	2.5118	0.49137	-0.15513	0.1709	-0.0060227	-0.031067
2.857	2.4688	0.75792	0.2568	0.4024	0.028126	0.2499
2.6247	2.9649	0.71616	0.17763	0.11981	-0.30125	0.18922
2.093	2.8385	0.58823	0.21237	0.0087139	-0.17484	-0.095673
2.8145	3.2451	0.45166	0.36734	-0.14549	-0.14529	-0.055576
2.4497	2.6178	0.57882	0.18415	-0.62073	-0.44449	0.12834
2.5702	3.0844	0.4151	0.40953	-0.0056547	-0.48491	-0.090771
2.7095	2.8993	0.40725	-0.047096	-0.18713	-0.38706	-0.34056
2.8224	2.9725	0.45	-0.029216	-0.40706	-0.76183	-0.50624
2.6493	2.7198	0.19079	-0.17925	-0.66903	-0.8418	-0.77025
2.4223	2.5589	0.22618	-0.019996	-0.59971	-1.2946	-0.5182
2.5895	2.2795	0.4498	-0.18903	-0.58108	-1.1124	-1.1085
2.2947	2.4177	0.3452	-0.41087	-0.77174	-0.70831	-0.98514
2.6285	2.6021	0.17697	-0.41963	-0.81152	-0.81659	-0.85828
2.8833	2.6858	-0.0047838	-0.5502	-0.86181	-0.89265	-0.76672
2.4826	2.6127	0.12345	-0.71188	-0.75737	-1.0097	-0.613
2.5093	2.9537	0.02394	-0.65553	-0.9584	-1.1543	-0.96632
2.4914	2.7348	0.030215	-0.83966	-0.98714	-0.54197	-0.86563
2.4048	2.7954	-0.039881	-0.21352	-0.6512	-0.75686	-0.55938
2.2414	2.587	-0.30026	-0.49311	-0.76562	-0.51254	-0.57614
2.3005	2.2677	-0.14635	-0.45884	-0.5711	-0.50602	-0.80858
2.4578	2.4445	-0.25546	-0.35807	-0.27228	-0.4276	-0.3438
2.5992	2.7013	-0.18703	-0.16975	-0.5594	-0.53315	-0.35654
