0.0037009	0.011471	0.037456	0.010284	0.0053723	-0.0040292	0.054089	-0.021823	-0.010792	0.04739	0.040309	0.015815	0.0035287	0.029421
-2.75e-06	0.018941	0.023484	0.017786	0.027736	0.019169	-0.010363	0.044728	-0.0037194	-0.007721	-0.028547	-0.019582	0.021569	-0.012445
0.010593	0.045008	0.0044107	-0.022205	-0.011238	0.0030279	-0.023238	-0.015323	0.0016371	0.029986	-0.01839	-0.0091236	0.016069	0.02048
0.0065186	0.012212	0.033021	-0.021363	0.014003	0.0044106	0.0015735	-0.019868	-0.010093	0.017918	-0.013908	-0.018835	-0.03144	-0.024915
0.0027851	0.0025696	0.017714	-0.0027975	0.016705	-0.01905	0.028801	0.00046093	0.026417	0.021623	0.013733	0.030613	0.052532	0.0025033
0.0018071	0.030942	0.022936	-0.025702	0.044966	0.015283	-0.0083288	0.017929	0.011985	-0.045703	0.019264	0.036987	0.023127	0.037074
0.0012626	0.023683	-0.0016928	-0.0061353	0.019232	0.026417	0.021617	-0.038497	-0.016976	0.0061073	-0.016451	0.047398	0.017595	0.025869
0.0033162	-0.049618	0.02985	-0.0052612	0.026194	0.029207	0.043678	0.016499	0.014973	-0.037854	0.022443	0.029834	0.0047048	-0.017143
-0.00011384	-0.013511	-0.022244	-0.0015099	0.0087739	0.064636	0.013193	-0.0093141	0.024112	0.031545	0.02691	-0.0095209	0.084464	-0.0017643
0.0013519	0.019047	0.015903	-0.020504	0.0026225	-0.0033141	0.018136	0.0034968	-0.020123	0.012563	-0.0078679	-0.023158	-0.025718	0.040055
0.0079329	-0.028504	-0.0010251	0.023	0.021839	0.027108	0.0068029	-0.012827	-0.0084401	-0.02243	-0.0060559	0.0080743	0.027243	0.0039338
0.0014332	-0.020425	-0.044871	0.0041645	-0.00049267	0.058389	0.0014941	-0.01173	-0.0040053	0.0076845	-0.022364	-0.0018755	0.024335	-0.001216
0.013436	-0.039578	-0.04642	-0.0039737	0.043218	0.022531	0.079155	-4.76e-05	0.01146	0.033764	0.0099341	0.045284	0.020186	-0.0005483
0.0049932	-0.086308	-0.066853	0.019678	0.0068029	-0.0072003	-0.040007	-0.025972	0.0089805	0.037377	0.011206	-0.014162	0.046158	-0.017023
-0.0095341	-0.078731	-0.096155	0.015656	-0.0015418	0.013757	-0.0066916	0.0024637	0.021172	0.0075378	-0.0033856	0.032187	0.065931	-0.036431
0.00053373	-0.06538	-0.15895	0.0068984	-0.00065173	-0.038243	0.062609	0.0278	0.030041	0.0050986	0.041708	0.0014465	0.042439	-0.002742
0.0039935	-0.084692	-0.13509	0.0065168	0.0013033	0.026083	0.037495	0.023953	0.0065963	0.050692	0.023333	-0.0071685	-0.0077406	-0.014877
0.004175	-0.092586	-0.12734	0.0095527	0.0025115	0.054526	0.0083287	0.0039895	0.010252	0.0097017	0.011603	-0.010459	-0.018581	0.021339
0.0071553	-0.089248	-0.15745	0.019662	0.0082335	0.048947	0.015386	-0.014178	-0.0052612	0.012875	0.020282	0.030232	-0.017262	0.0014305
0.014766	-0.0795	-0.14701	0.043567	-0.026274	0.0093937	-0.0091711	0.018342	0.022364	-0.012453	0.015577	-0.0098388	0.010125	-0.0078679
0.0070712	-0.058201	-0.1343	-0.012493	0.0016531	-0.005269	0.0086786	-0.027927	0.0029563	0.019624	0.00044507	-0.0035605	0.020218	0.012136
0.0067164	-0.081275	-0.14422	0.012287	0.018708	0.045824	0.018104	-0.016133	0.026194	0.045098	0.0090123	0.042343	0.0068983	0.032115
0.0003332	-0.053168	-0.1277	0.003163	0.033077	0.009656	0.017484	0.016817	0.030645	-0.0070794	-0.024382	0.011508	0.04398	-0.006771
0.00372	-0.012186	-0.080681	0.0053883	0.016848	-0.021673	0.016038	0.0093302	0.0052293	0.0077028	0.045045	0.029866	-0.0017007	0.043941
0.0022189	0.10814	0.032521	0.032552	0.018946	0.053954	0.038497	0.038274	0.027768	-0.00884	0.0096003	-0.00844	0.033792	0.019312
-0.00088593	0.27055	0.22268	0.015434	0.032377	-0.0085116	0.028022	0.02327	-0.0025591	-0.0059972	0.018501	0.013844	-0.0030678	0.035835
-0.0021566	0.49793	0.47362	0.041199	0.024525	0.015449	0.021029	0.010411	0.015847	0.025547	0.0095527	0.0086785	0.018772	-0.03314
0.0037335	0.86544	0.86956	0.021601	-0.0028293	0.039721	-0.0037353	-0.016912	-0.052738	-0.012801	0.014432	0.0028929	-0.02292	0.010896
-0.0093227	1.3107	1.4431	0.025002	0.043027	0.011063	0.00052453	-0.01483	-0.026369	0.01436	-0.018628	0.0061195	-0.008313	-0.036121
-0.012457	1.8445	2.1756	0.036653	-0.051832	-0.04344	-0.016721	-0.018613	-0.021092	-0.013351	-0.033156	0.02834	-0.032807	-0.036264
-0.0047494	2.247	2.7294	-0.026083	-0.0023843	0.0027418	-0.028086	-0.058254	-0.012064	-0.051829	-0.031328	-0.067664	-0.015688	-0.060797
-0.0090491	2.3091	3.0396	-0.034507	-0.012477	-0.010967	-0.04735	-0.028293	-0.022427	-0.039706	-0.05285	-0.043218	-0.061163	-0.075293
-0.0089002	2.0725	2.9307	-0.047589	-0.043345	-0.043059	-0.084671	-0.12167	-0.047318	-0.085171	-0.086785	-0.051467	-0.053215	-0.071097
-0.026597	1.5329	2.3928	-0.064214	-0.025289	-0.094342	-0.088438	-0.067346	-0.10271	-0.10226	-0.09079	-0.086117	-0.1183	-0.092507
-0.027137	0.89177	1.6903	-0.092586	-0.098833	-0.09296	-0.12112	-0.12193	-0.096608	-0.075818	-0.1108	-0.11481	-0.13135	-0.14279
-0.019025	0.50026	1.0008	-0.10737	-0.10843	-0.17767	-0.15804	-0.15346	-0.11055	-0.14375	-0.12533	-0.085736	-0.1231	-0.17505
-0.021398	0.31275	0.54078	-0.12341	-0.14237	-0.14236	-0.18198	-0.19393	-0.11668	-0.16044	-0.12859	-0.14703	-0.1607	-0.20509
-0.02311	0.30491	0.30723	-0.13612	-0.15574	-0.19264	-0.21688	-0.23232	-0.12447	-0.18045	-0.16987	-0.12322	-0.18342	-0.26775
-0.032929	0.35265	0.22292	-0.16265	-0.16659	-0.16978	-0.2128	-0.22969	-0.17705	-0.23648	-0.20075	-0.22529	-0.21208	-0.23205
-0.030558	0.46765	0.26121	-0.19428	-0.13285	-0.24591	-0.22041	-0.22922	-0.16168	-0.19257	-0.22392	-0.2305	-0.21922	-0.30587
-0.035657	0.48174	0.36278	-0.19061	-0.22337	-0.2394	-0.2948	-0.21739	-0.17607	-0.21386	-0.23557	-0.24362	-0.22715	-0.32563
-0.027394	0.48815	0.39616	-0.21229	-0.22094	-0.24774	-0.22885	-0.24068	-0.20865	-0.19217	-0.20447	-0.20067	-0.21861	-0.32747
-0.032902	0.40041	0.38181	-0.2005	-0.19922	-0.27709	-0.28334	-0.2368	-0.11447	-0.29164	-0.21262	-0.17381	-0.18452	-0.24347
-0.013029	0.26345	0.30475	-0.11695	-0.19488	-0.21968	-0.22043	-0.16203	-0.10072	-0.15147	-0.14507	-0.14528	-0.15478	-0.25354
0.048806	0.15707	0.28629	-0.067775	-0.13228	-0.18599	-0.14405	-0.064373	-0.038322	-0.050985	-0.057491	-0.081555	-0.033045	-0.11427
0.15476	0.088136	0.14315	0.012652	0.010967	-0.081635	-0.043981	0.068268	0.014559	0.055167	0.070079	0.086992	0.0597	0.090361
0.36817	0.070307	0.09327	0.23262	0.089503	0.19496	0.20708	0.30871	0.23457	0.28695	0.28127	0.28075	0.2539	0.30253
0.72708	0.079315	0.0453	0.61345	0.35965	0.53435	0.53169	0.67641	0.50478	0.56267	0.58411	0.57936	0.5747	0.67158
1.2566	0.093196	0.005889	1.0744	0.74621	1.0146	1.0349	1.1124	0.83455	0.94581	0.97045	0.94479	0.98213	1.1078
1.8383	0.16557	0.048924	1.6469	1.236	1.5219	1.5865	1.6888	1.2425	1.4043	1.399	1.3788	1.3995	1.5992
2.2564	0.24173	0.07329	2.157	1.7579	2.0279	2.051	2.1511	1.6604	1.8546	1.7936	1.8124	1.8273	2.1251
2.3074	0.32637	0.1235	2.3969	2.0294	2.311	2.378	2.3436	1.87	2.1531	2.0105	2.0411	2.1305	2.4092
1.9034	0.35413	0.2105	2.3475	2.1123	2.3674	2.3352	2.2693	1.8156	2.1327	2.016	2.1126	2.1501	2.4229
1.2404	0.3682	0.21865	2.0586	1.9462	2.1073	2.0051	1.8591	1.5023	1.7992	1.6864	1.7093	1.842	2.0839
0.62094	0.31061	0.35179	1.6191	1.6495	1.6388	1.5508	1.2709	1.0477	1.2855	1.1973	1.1922	1.2486	1.4504
0.30634	0.28621	0.27878	1.1628	1.2385	1.1869	1.0099	0.82055	0.6047	0.7296	0.62283	0.64448	0.68907	0.77532
0.2928	0.21498	0.34208	0.75352	0.88339	0.70088	0.60204	0.31595	0.22691	0.25397	0.24916	0.15688	0.16262	0.2383
0.40739	0.25524	0.32151	0.51701	0.61697	0.43447	0.33404	0.044457	-0.01847	-0.014947	-0.050768	-0.022046	-0.1537	-0.24099
0.53741	0.15134	0.27862	0.38524	0.40158	0.18964	0.12415	-0.1393	-0.087039	-0.14998	-0.16933	-0.19919	-0.28213	-0.39666
0.58546	0.13728	0.25544	0.25549	0.26633	0.017333	0.012477	-0.20533	-0.079362	-0.18472	-0.21501	-0.27743	-0.26233	-0.50051
0.54348	0.088507	0.25067	0.14892	0.17147	-0.015783	-0.086435	-0.24727	-0.079839	-0.21595	-0.25244	-0.22373	-0.25133	-0.57879
0.46814	0.062307	0.21522	0.11327	0.040452	-0.11063	-0.10832	-0.28986	-0.0628	-0.23668	-0.2477	-0.23845	-0.24872	-0.5282
0.37298	0.093487	0.17688	0.0060082	0.015513	-0.16925	-0.10781	-0.30591	-0.0092985	-0.22362	-0.24077	-0.23248	-0.26002	-0.6481
0.2597	0.043048	0.22643	0.006199	-0.082207	-0.16861	-0.15313	-0.27609	-0.0034492	-0.22679	-0.19921	-0.27231	-0.26895	-0.65384
0.16302	0.048532	0.14408	-0.031408	-0.082159	-0.15652	-0.12706	-0.35135	-0.027593	-0.25573	-0.25587	-0.28807	-0.34496	-0.66955
0.081743	-0.00551	0.091553	-0.068824	-0.13313	-0.2017	-0.11479	-0.31998	-0.042168	-0.31112	-0.33902	-0.38325	-0.37081	-0.70556
0.06792	0.0067818	0.11122	-0.13382	-0.15453	-0.24142	-0.13598	-0.30693	-0.13455	-0.33821	-0.36164	-0.39447	-0.42277	-0.66908
0.083092	0.037405	0.052429	-0.14933	-0.13903	-0.26081	-0.23314	-0.3593	-0.1643	-0.32036	-0.33708	-0.34681	-0.37193	-0.52173
0.12755	0.043498	0.033617	-0.12272	-0.18118	-0.23568	-0.16159	-0.33148	-0.24473	-0.32704	-0.27329	-0.2632	-0.25683	-0.34619
0.17971	0.023498	-0.014257	-0.10494	-0.16705	-0.25354	-0.27619	-0.29046	-0.17675	-0.25483	-0.15777	-0.16103	-0.13293	-0.18861
0.23304	0.042995	-0.0013351	-0.12449	-0.17573	-0.22233	-0.23311	-0.23132	-0.14043	-0.15481	-0.067314	0.027148	0.098881	0.10352
0.25205	-0.0032319	0.0018119	-0.074435	-0.19425	-0.25046	-0.26008	-0.16751	-0.084528	-0.012581	0.095797	0.20313	0.26914	0.3254
0.24124	0.014014	-0.014639	-0.090409	-0.16645	-0.24247	-0.20963	-0.10179	-0.0074545	0.11778	0.3218	0.37491	0.43629	0.51015
0.20463	-0.02424	-0.032711	-0.036796	-0.15562	-0.24228	-0.173	0.0019868	0.13169	0.24207	0.39234	0.50486	0.58531	0.70849
0.17266	0.06893	-0.045824	-0.081842	-0.18956	-0.16618	-0.13099	0.11265	0.2331	0.41962	0.44998	0.60074	0.60751	0.79911
0.1281	0.012212	-0.026941	-0.058794	-0.14051	-0.17464	-0.06849	0.19056	0.27444	0.45184	0.5309	0.61563	0.64561	0.79399
0.10013	0.029485	-0.022721	-0.009203	-0.13921	-0.14422	-0.023174	0.22957	0.33473	0.51715	0.53083	0.56514	0.59737	0.68419
0.076657	0.031842	-0.0088694	-0.0023047	-0.13903	-0.012422	0.00015887	0.2698	0.41344	0.47033	0.4661	0.47447	0.4872	0.55888
0.054284	0.047949	-0.060296	0.024542	-0.11382	-0.019836	0.012287	0.28005	0.41018	0.44553	0.393	0.387	0.37446	0.42737
0.049052	-0.014597	0.0086548	0.043869	-0.084035	-0.011444	0.082493	0.37756	0.35504	0.453	0.32034	0.27369	0.22981	0.28165
0.02679	0.025564	-0.03047	0.072257	-0.060622	0.079084	0.14135	0.28105	0.32468	0.38101	0.22793	0.17266	0.087755	0.13836
0.040707	0.028822	-0.046182	0.071081	-0.07817	0.11666	0.16592	0.32605	0.29874	0.25647	0.14485	0.072845	-0.0041326	-0.032973
0.036448	0.023789	0.023174	0.054741	-0.018469	0.17266	0.175	0.28842	0.20561	0.18391	0.061226	-0.032743	-0.10098	-0.11766
0.038074	-0.0059603	-0.021529	0.07569	-0.072305	0.16122	0.21331	0.24924	0.15311	0.067014	-0.018295	-0.085307	-0.18362	-0.21825
0.030721	0.0014304	-0.015783	0.0645	-0.0014464	0.16575	0.21712	0.21874	0.079982	0.00011	-0.10699	-0.189	-0.24429	-0.29841
0.030133	0.061804	-0.0055552	0.07035	-0.012445	0.14918	0.20448	0.14552	0.043679	-0.09137	-0.15731	-0.21429	-0.25198	-0.2928
0.033661	0.0066228	-0.03438	0.078265	0.040086	0.14801	0.18234	0.08998	-0.0621	-0.12842	-0.2358	-0.27526	-0.26515	-0.41294
0.035912	-0.014146	-0.0092268	0.094812	0.021712	0.14548	0.10082	0.010808	-0.10141	-0.18103	-0.24568	-0.23821	-0.28165	-0.37041
0.025549	-0.014226	-0.002265	0.048987	0.023699	0.1601	0.1187	-0.017611	-0.13833	-0.18353	-0.24956	-0.24379	-0.27132	-0.317
0.036367	-0.015736	-0.026989	0.031853	0.032012	0.11733	0.10009	-0.055997	-0.11609	-0.24746	-0.18842	-0.24115	-0.25462	-0.33193
0.033027	-0.035419	-0.022864	0.043901	0.032028	0.075984	0.019058	-0.097911	-0.16759	-0.24005	-0.22254	-0.25214	-0.18695	-0.28317
0.022479	-0.028001	-0.015593	0.03589	0.039117	0.065232	0.0024955	-0.1461	-0.19415	-0.25183	-0.2106	-0.17637	-0.16456	-0.19393
0.016939	-0.025855	-0.033546	-0.0032902	0.0035921	-0.019217	-0.034825	-0.1598	-0.18155	-0.24893	-0.17618	-0.11625	-0.12899	-0.11959
0.022905	-0.033484	-0.051022	0.031074	0.020154	0.0066519	-0.038624	-0.21246	-0.16917	-0.24427	-0.15122	-0.12867	-0.072225	-0.05951
0.018854	-0.037485	-0.048519	0.012906	0.013415	-0.040102	-0.069158	-0.17147	-0.18306	-0.158	-0.054916	-0.021124	-0.020504	0.044823
0.019434	-0.0029141	-0.018597	-0.028833	-0.0010172	-0.090337	-0.1469	-0.21178	-0.18525	-0.15846	-0.048145	0.01057	0.054471	0.052214
0.012566	-0.023869	-0.011349	-0.016976	-0.012382	-0.018645	-0.1574	-0.16432	-0.14696	-0.10593	-0.037924	0.048367	0.069968	0.14231
0.019456	-0.020663	-0.0066994	-0.010268	-0.00061987	-0.13177	-0.13652	-0.18687	-0.070445	-0.091461	4.7667e-05	0.028738	0.077455	0.14775
0.01421	-0.0093516	-0.039482	-0.0645	-0.036017	-0.065136	-0.13404	-0.15356	-0.09319	-0.044108	0.0094891	0.08785	0.12204	0.15256
0.007047	-0.0065698	-0.054765	-0.029914	-0.014957	-0.052905	-0.13859	-0.13601	-0.063944	-0.030518	0.017643	0.11417	0.10254	0.14114
0.005397	0.0010332	-0.077153	-0.056156	-0.083971	-0.12066	-0.12469	-0.15276	-0.03109	0.0285	0.067664	0.077852	0.080077	0.19405
0.0031292	-0.0072851	0.0059605	-0.035843	-0.039625	-0.12307	-0.1376	-0.10041	-0.010236	0.059788	0.049734	0.093238	0.10015	0.10805
-0.0048144	-0.013934	-0.024796	-0.05107	-0.028881	-0.12055	-0.11535	-0.092634	0.018168	0.051627	0.019852	0.075118	0.045713	0.046873
0.0058927	-0.018199	-0.033093	-0.029405	-0.060225	-0.08297	-0.13647	-0.055139	-0.030629	0.014012	0.090329	0.04371	0.02834	-0.005603
0.0068383	0.0068082	-0.04108	-0.046476	-0.060241	-0.13738	-0.1235	-0.029373	0.040277	0.010087	0.050307	-0.013193	-0.041866	-0.049353
0.0050827	-0.045591	-0.035644	-0.081492	-0.053041	-0.12779	-0.12914	-0.043996	0.036129	-0.005667	-0.045332	-0.010983	-0.094096	-0.15414
0.013454	-0.025379	-0.039101	-0.071876	-0.052468	-0.17476	-0.093715	-0.028165	0.025257	-0.00020169	-0.052437	-0.10187	-0.15357	-0.12679
0.0070036	0.0061196	-0.04499	-0.016213	-0.05614	-0.18194	-0.11745	-0.029882	0.014544	0.028977	-0.063213	-0.11719	-0.1485	-0.16944
0.0091141	-0.020954	-0.066448	-0.083129	-0.077804	-0.123	-0.13512	-0.054296	0.0014465	-0.02707	-0.057809	-0.12379	-0.14404	-0.21217
0.025316	-0.014093	-0.06044	-0.029469	-0.061036	-0.12133	-0.069714	-0.041883	-0.021315	-0.08341	-0.11843	-0.15259	-0.17428	-0.24176
0.013048	-0.04228	-0.1127	-0.089296	-0.086626	-0.10326	-0.06884	0.010332	-0.023778	-0.078183	-0.1476	-0.16894	-0.20685	-0.22299
0.0093634	-0.019656	-0.052452	-0.089201	-0.094065	-0.089646	-0.093445	-0.048956	-0.032489	-0.074515	-0.15931	-0.18325	-0.17851	-0.26696
-0.007288	-0.013007	-0.088192	-0.087135	-0.091553	-0.12929	-0.082398	-0.055329	-0.11517	-0.11815	-0.14221	-0.17816	-0.1952	-0.23
-0.0007776	-0.038121	-0.075555	-0.095289	-0.10422	-0.10083	-0.10432	-0.046635	-0.088136	-0.10265	-0.14148	-0.17184	-0.20113	-0.25797
0.0037686	-0.012239	0.0017166	-0.041183	-0.090011	-0.12436	-0.023921	-0.046889	-0.092698	-0.1664	-0.1657	-0.20499	-0.18244	-0.20797
-0.0054782	-0.03579	-0.047279	-0.087913	-0.075881	-0.039244	-0.068681	-0.074419	-0.07825	-0.11257	-0.1379	-0.15947	-0.15219	-0.16823
-0.0040206	-0.05285	-0.023556	-0.047334	-0.13503	-0.065184	-0.085195	-0.060972	-0.13466	-0.15294	-0.1822	-0.12905	-0.18303	-0.1529
-0.0039502	0.0111	-0.0556	-0.056919	-0.10545	-0.049734	-0.087182	-0.058063	-0.074832	-0.14866	-0.12585	-0.14618	-0.096131	-0.15631
0.0016906	0.0014041	-0.058699	-0.061036	-0.09176	-0.030351	-0.04406	-0.068601	-0.10572	-0.12686	-0.10376	-0.11346	-0.11191	-0.15638
-0.0079546	-0.029087	-0.029135	-0.076056	-0.082207	-0.049687	-0.060114	-0.078202	-0.11608	-0.11826	-0.12096	-0.12299	-0.13212	-0.14205
-0.0022406	-0.0072586	-0.021434	-0.0085196	-0.102	-0.04983	-0.07782	-0.074165	-0.12425	-0.16	-0.11136	-0.075706	-0.054535	-0.10629
-0.0020185	-0.030147	-0.039172	-0.072861	-0.081365	-0.047207	-0.083828	-0.14874	-0.097466	-0.14135	-0.11144	-0.097736	-0.073847	-0.1102
-0.0020509	-0.038809	-0.057245	-0.074228	-0.078233	-0.058651	-0.087929	-0.096608	-0.0899	-0.12572	-0.092523	-0.10354	-0.076994	-0.07937
-0.012268	-0.012769	-0.027776	-0.04735	-0.079743	-0.076509	-0.10034	-0.1156	-0.11144	-0.091388	-0.071637	-0.094923	-0.11859	-0.1209
-0.0032078	-0.016504	-0.012851	-0.053788	-0.064501	-0.068927	-0.12711	-0.10223	-0.032695	-0.1485	-0.057666	-0.047334	-0.074133	-0.080824
0.00020584	-0.035313	-0.046397	-0.061115	-0.084273	-0.086475	-0.091251	-0.13112	-0.10478	-0.1094	-0.083876	-0.10543	-0.091966	-0.075436
-0.012067	0.011312	-0.0278	-0.10848	-0.034857	-0.086618	-0.12981	-0.096147	-0.10026	-0.15294	-0.1135	-0.069873	-0.11745	-0.0808
-0.015272	-0.025431	-0.016689	-0.06946	-0.13317	-0.10772	-0.076739	-0.11145	-0.1001	-0.10718	-0.096544	-0.095861	-0.095734	-0.066639
-0.013698	-0.057406	-0.019479	-0.10149	-0.10719	-0.096345	-0.098531	-0.11293	-0.11621	-0.12143	-0.095622	-0.10498	-0.10003	-0.11196
-0.021184	-0.045724	-0.061059	-0.039355	-0.10003	-0.077725	-0.07275	-0.13816	-0.11745	-0.11099	-0.090679	-0.071049	-0.11457	-0.13414
-0.014709	-0.043287	-0.04952	-0.08661	-0.10249	-0.099683	-0.1274	-0.15442	-0.0899	-0.12319	-0.1122	-0.14496	-0.092396	-0.11585
-0.010591	-0.027551	-0.067711	-0.096147	-0.12368	-0.1467	-0.090615	-0.11999	-0.084353	-0.1702	-0.14935	-0.10459	-0.081905	-0.091887
-0.014755	-0.013007	-0.0767	-0.053883	-0.11484	-0.11947	-0.11139	-0.097069	-0.09265	-0.090985	-0.10637	-0.13857	-0.11762	-0.13051
-0.015871	-0.047313	-0.037217	-0.079314	-0.14424	-0.095177	-0.13833	-0.069237	-0.041898	-0.10351	-0.09904	-0.14051	-0.092872	-0.11034
-0.010431	-0.0086627	-0.054503	-0.097307	-0.11784	-0.085164	-0.089519	-0.090711	-0.10017	-0.064282	-0.096465	-0.10936	-0.074244	-0.1329
-0.016066	0.0037088	-0.023008	-0.069841	-0.11818	-0.11821	-0.11581	-0.10719	-0.075897	-0.078587	-0.11346	-0.097975	-0.1009	-0.18079
-0.0079546	-0.021723	-0.033879	-0.059573	-0.11781	-0.091768	-0.070779	-0.092443	-0.10014	-0.095221	-0.08235	-0.10397	-0.10943	-0.13015
-0.0013438	-0.026465	-0.043154	-0.047112	-0.10306	-0.081635	-0.10754	-0.10138	-0.051371	-0.090141	-0.094112	-0.096051	-0.049337	-0.1117
-0.0086807	-0.062281	-0.04611	-0.054042	-0.11498	-0.12486	-0.07995	-0.10053	-0.070239	-0.088949	-0.076517	-0.10176	-0.050322	-0.098587
-0.024611	-0.0094308	-0.042653	-0.03926	-0.094843	-0.1056	-0.14823	-0.090123	-0.070445	-0.056652	-0.13744	-0.097307	-0.07399	-0.087643
-0.0095639	-0.045432	-0.000763	-0.10818	-0.091029	-0.11063	-0.10757	-0.1029	-0.043806	-0.067289	-0.071478	-0.07639	-0.02389	-0.10066
-0.0066027	-0.042068	-0.066829	-0.082096	-0.080808	-0.097466	-0.16077	-0.10225	-0.048526	-0.076478	-0.076851	-0.091649	-0.075404	-0.043369
-0.007559	-0.054095	-0.037909	-0.088645	-0.10126	-0.15035	-0.076882	-0.07507	-0.069396	-0.10868	-0.070731	-0.14415	-0.054678	-0.081778
-0.005928	0.019815	-0.057674	-0.13173	-0.11903	-0.065327	-0.10745	-0.098229	-0.029866	-0.10916	-0.093222	-0.094446	-0.034237	-0.051785
-0.0056111	0.017802	-0.028634	-0.062387	-0.037082	-0.10991	-0.085688	-0.058747	-0.094748	-0.081045	-0.088215	-0.073926	-0.092507	-0.10567
-0.0065484	0.017458	-0.050378	-0.099056	-0.12428	-0.12713	-0.10703	-0.093842	-0.079251	-0.045245	-0.080332	-0.090091	-0.072098	-0.068164
-0.005806	-0.04024	-0.051999	-0.06849	-0.11085	-0.061965	-0.091362	-0.11198	-0.083685	-0.10881	-0.05312	-0.058095	-0.10142	-0.09563
-0.012468	-0.032001	-0.025487	-0.10163	-0.090202	-0.080157	-0.095686	-0.083797	-0.10654	-0.069912	-0.061306	-0.037957	-0.090457	-0.10748
-0.017085	-0.024213	-0.010395	-0.075547	-0.087532	-0.08247	-0.08483	-0.10564	-0.064024	-0.069399	-0.062959	-0.035127	-0.053819	-0.11587
-0.0073504	-0.022862	-0.029516	-0.056076	-0.041453	-0.081206	-0.10707	-0.1033	-0.072464	-0.12367	-0.077232	-0.13468	-0.025273	-0.072265
-0.0092361	-0.0092983	-0.037837	-0.087214	-0.07844	-0.054384	-0.062752	-0.097005	-0.075436	-0.10357	-0.089328	-0.075786	-0.10891	-0.10822
-0.0037876	-0.0097222	-0.064374	-0.055139	-0.097593	-0.076819	-0.045792	-0.058111	-0.084544	-0.11129	-0.027434	-0.073624	-0.086356	-0.061488
-0.012159	-0.025061	-0.024843	-0.040579	-0.087866	-0.075865	-0.095734	-0.051244	-0.069905	-0.11472	-0.062975	-0.064167	-0.057173	-0.096369
-0.0062476	-0.042068	-0.045824	-0.046842	-0.079648	-0.089646	-0.07329	-0.035652	-0.0278	-0.13513	-0.10533	-0.08963	-0.11288	-0.106
-0.01087	-0.013007	-0.039172	-0.073274	-0.092443	-0.075675	-0.083368	-0.069937	-0.080475	-0.062154	-0.099946	-0.090679	-0.055886	-0.088835
-0.0062992	-0.036187	-0.084234	-0.036701	-0.089789	-0.074625	-0.077153	-0.1177	-0.07577	-0.10634	-0.11304	-0.087945	-0.065073	-0.10052
-0.0062396	-0.0074176	-0.018025	-0.088931	-0.068935	-0.078726	-0.076533	-0.081333	-0.083765	-0.064282	-0.06458	-0.076167	-0.084194	-0.13073
-0.006925	-0.03767	-0.078297	-0.056394	-0.08421	-0.067497	-0.085847	-0.090997	-0.071272	-0.097881	-0.072384	-0.065168	-0.062816	-0.12033
-0.010081	-0.041141	-0.036669	-0.042439	-0.07267	-0.074125	-0.093286	-0.079124	-0.044759	-0.067546	-0.089646	-0.099214	-0.12039	-0.14882
-0.01304	-0.036955	-0.013423	-0.053088	-0.10958	-0.12312	-0.066837	-0.11176	-0.085084	-0.11257	-0.052755	-0.07933	-0.12627	-0.14856
-0.0049147	-0.034094	-0.046993	-0.10216	-0.05881	-0.089264	-0.11501	-0.070874	-0.06733	-0.098468	-0.092571	-0.088772	-0.09904	-0.14577
-0.012463	-0.025352	-0.036812	-0.084067	-0.099294	-0.040746	-0.081397	-0.058603	-0.097641	-0.096835	-0.10508	-0.072003	-0.077232	-0.10951
-0.0095883	-0.001934	-0.080538	-0.059589	-0.092523	-0.10049	-0.12089	-0.042788	-0.06733	-0.086033	-0.11678	-0.096211	-0.074085	-0.085426
-0.0061123	-0.0094043	-0.047112	-0.085974	-0.085434	-0.12896	-0.1077	-0.095304	-0.09211	-0.077395	-0.068442	-0.087309	-0.061703	-0.11771
-0.0033976	-0.023657	-0.043488	-0.061862	-0.054137	-0.076127	-0.14203	-0.10845	-0.044918	-0.11862	-0.070699	-0.085497	-0.11433	-0.10333
-0.015207	-0.097249	-0.034452	-0.081031	-0.09861	-0.10078	-0.088311	-0.057904	-0.10357	-0.08275	-0.10696	-0.073163	-0.084671	-0.070406
-0.0020022	-0.0022252	-0.067592	-0.040659	-0.079156	-0.097919	-0.13762	-0.067473	-0.036621	-0.052361	-0.072559	-0.12299	-0.084925	-0.1003
-0.0079437	-0.041353	-0.087595	-0.088915	-0.065041	-0.038886	-0.11636	-0.10897	-0.049162	-0.050527	-0.097704	-0.06849	-0.064977	-0.083495
-0.013815	-0.033114	-0.07627	-0.039101	-0.097418	-0.09451	-0.096385	-0.084671	-0.045045	-0.12141	-0.040786	-0.083813	-0.099946	-0.090218
-0.0075753	-0.024902	-0.072265	-0.079108	-0.066042	-0.090242	-0.070334	-0.02815	-0.046587	-0.047647	-0.081222	-0.075833	-0.10581	-0.059486
-0.012498	-0.03722	-0.043535	-0.045713	-0.083892	-0.076628	-0.089741	-0.075706	-0.047016	-0.039816	-0.077645	-0.093397	-0.02532	-0.06671
-0.0063615	-0.040267	-0.081897	-0.051117	-0.060082	-0.074769	-0.04112	-0.11071	-0.054217	-0.075597	-0.067473	-0.084798	-0.076485	-0.085903
-0.0092063	-0.062281	-0.095034	-0.055981	-0.1153	-0.093723	-0.096401	-0.081349	-0.06663	-0.094194	-0.022284	-0.10099	-0.080983	-0.050187
-0.018944	-0.0037882	-0.053096	-0.066662	-0.066964	-0.065923	-0.082954	-0.087437	-0.07035	-0.073066	-0.042677	-0.066392	-0.093079	-0.11883
-0.010201	-0.022491	-0.039697	-0.097879	-0.081683	-0.085021	-0.066567	-0.094446	-0.060924	-0.11404	-0.096973	-0.050243	-0.067155	-0.01328
-0.012257	-0.0065433	-0.055147	-0.08874	-0.054837	-0.1153	-0.081095	-0.071446	-0.053406	-0.05192	-0.054598	-0.077741	-0.092396	-0.10216
-0.020675	-0.017961	-0.041604	-0.086896	-0.095575	-0.047994	-0.11319	-0.10262	-0.046206	-0.088252	-0.076851	-0.095113	-0.074419	-0.10533
-0.0189	-0.0040003	-0.052381	-0.076072	-0.085021	-0.12512	-0.10823	-0.1109	-0.089392	-0.069728	-0.11371	-0.075929	-0.093874	-0.11084
-0.016608	-0.024716	-0.037456	-0.090282	-0.099008	-0.075031	-0.11657	-0.096004	-0.03411	-0.087904	-0.093667	-0.012779	-0.071303	-0.12498
-0.010173	-0.031074	-0.019145	-0.073052	-0.039641	-0.11954	-0.096322	-0.093079	-0.12061	-0.056817	-0.094684	-0.068919	-0.085656	-0.12784
-0.011921	-0.003073	-0.002146	-0.044298	-0.069603	-0.04952	-0.098515	-0.10772	-0.070413	-0.071031	-0.062164	-0.074912	-0.078949	-0.11745
-0.01291	0.019842	0.013757	-0.093492	-0.08998	-0.093127	-0.095288	-0.093763	-0.093937	-0.09225	-0.067362	-0.084337	-0.075007	-0.13111
-0.014693	-0.022703	0.016832	-0.10308	-0.077693	-0.098372	-0.085005	-0.076151	-0.079187	-0.094304	-0.076962	-0.085179	-0.093429	-0.10219
-0.014993	-0.028054	-0.051642	-0.082954	-0.10192	-0.081277	-0.076247	-0.10522	-0.046269	-0.087298	-0.068856	-0.10696	-0.091219	-0.083137
-0.018356	-0.01208	-0.056386	-0.063642	-0.094732	-0.1024	-0.085132	-0.060845	-0.063594	-0.084822	-0.10594	-0.076263	-0.073274	-0.090838
-0.011149	0.002278	-0.047016	-0.097482	-0.035922	-0.062561	-0.089407	-0.067854	-0.087945	-0.10549	-0.11029	-0.057936	-0.1046	-0.092412
-0.028686	-0.049327	0.0045775	-0.0755	-0.088597	-0.065828	-0.10071	-0.076803	-0.048526	-0.06872	-0.053406	-0.11349	-0.093127	-0.10169
-0.0076159	-0.058095	-0.052572	-0.1294	-0.097307	-0.10109	-0.11252	-0.074896	-0.071876	-0.10065	-0.070779	-0.099119	-0.10702	-0.12219
-0.018876	-0.052108	-0.092006	-0.075579	-0.058858	-0.068307	-0.11819	-0.094478	-0.076739	-0.12612	-0.10972	-0.094287	-0.086896	-0.11075
-0.022051	-0.037644	-0.093389	-0.08661	-0.078027	-0.04735	-0.10506	-0.095098	-0.081031	-0.072351	-0.078376	-0.04948	-0.090266	-0.14861
-0.017621	-0.04228	-0.08502	-0.098865	-0.065899	-0.11756	-0.10694	-0.082128	-0.060416	-0.11369	-0.11765	-0.087882	-0.12398	-0.098301
-0.0092496	-0.052002	-0.064636	-0.043933	-0.087993	-0.075102	-0.13704	-0.030518	-0.042248	-0.10991	-0.082064	-0.086483	-0.11298	-0.088573
-0.017884	-0.061777	-0.097371	-0.11334	-0.12633	-0.060249	-0.092745	-0.11177	-0.080379	-0.13386	-0.096926	-0.098213	-0.062069	-0.12508
-0.010759	-0.02257	-0.058199	-0.090917	-0.091521	-0.082136	-0.088756	-0.08359	-0.083352	-0.052214	-0.068967	-0.068713	-0.10037	-0.10972
-0.0091142	-0.028584	-0.072623	-0.064803	-0.074292	-0.12336	-0.11614	-0.068776	-0.057555	-0.083098	-0.059557	-0.031901	-0.078981	-0.095487
-0.01446	-0.062466	-0.066186	-0.030645	-0.08971	-0.060726	-0.11032	-0.051944	-0.091649	-0.061989	-0.071606	-0.05703	-0.094446	-0.11041
-0.0029721	-0.03722	-0.084663	-0.077184	-0.075961	-0.094796	-0.076819	-0.079362	-0.063022	-0.073507	-0.077121	-0.056903	-0.095972	-0.068761
-0.0089733	-0.032399	-0.02532	-0.023572	-0.065089	-0.083209	-0.029516	-0.043361	-0.059986	-0.017074	-0.062816	-0.071621	-0.016149	-0.07484
-0.007578	0.0011126	-0.065732	-0.073751	-0.0676	-0.054932	-0.0199	-0.057427	-0.053533	-0.055588	-0.065009	-0.032552	-0.10136	-0.053835
-0.0050691	-0.006199	-0.030422	-0.053692	-0.053947	-0.041819	-0.091887	-0.02993	-0.067505	-0.047941	-0.051944	-0.063928	-0.07267	-0.053025
-0.0033027	-0.04681	-0.03562	-0.089217	-0.08955	-0.053191	-0.070286	-0.065581	-0.01777	-0.067014	-0.039339	-0.061035	-0.023508	-0.077987
-0.014246	-0.04379	-0.043678	-0.029659	-0.042248	-0.11509	-0.089201	-0.034873	-0.066281	-0.029014	-0.087834	-0.056362	-0.010045	-0.025439
-0.015134	-0.018358	-0.06671	-0.053883	-0.059001	-0.017786	-0.066026	-0.02861	-0.032314	-0.026373	-0.012811	-0.067536	-0.046746	-0.042677
-0.022363	0.01359	-0.037789	-0.041008	-0.04735	-0.079704	-0.069936	-0.067266	-0.097482	-0.050417	-0.066154	-0.027148	-0.038417	-0.048852
-0.023064	-0.017908	-0.084067	-0.071876	-0.076437	-0.062514	-0.078504	-0.051546	-0.037178	-0.010857	-0.081953	-0.051546	-0.074594	-0.094796
-0.018407	-0.040664	-0.035882	-0.068649	-0.05215	-0.054122	-0.058699	-0.041501	-0.057348	-0.07303	-0.068808	-0.083558	-0.095384	-0.10803
-0.016007	-0.019445	0.0032902	-0.078218	-0.074466	-0.038648	-0.036129	-0.03837	-0.059192	-0.056946	-0.10425	-0.098292	-0.087945	-0.068641
-0.022699	-0.0085038	-0.053907	-0.043313	-0.099882	-0.041104	-0.086801	-0.076151	-0.068744	-0.090948	-0.10001	-0.074498	-0.089773	-0.092841
-0.029645	-0.044452	-0.060511	-0.035095	-0.10188	-0.1081	-0.093381	-0.1087	-0.056521	-0.12622	-0.099898	-0.10641	-0.089487	-0.10946
-0.034278	-0.020981	-0.064421	-0.073211	-0.068347	-0.068212	-0.078107	-0.10227	-0.080141	-0.06441	-0.090774	-0.077868	-0.086403	-0.14901
-0.029106	-0.025272	-0.012183	-0.06237	-0.098626	-0.075555	-0.09389	-0.073576	-0.077439	-0.081558	-0.083924	-0.098006	-0.13086	-0.1169
-0.027719	-0.061963	-0.090957	-0.10576	-0.1006	-0.12598	-0.087198	-0.078726	-0.081651	-0.06441	-0.11272	-0.12156	-0.065502	-0.12505
-0.014801	-0.037803	-0.020957	-0.10421	-0.077757	-0.095225	-0.092062	-0.08715	-0.014098	-0.0948	-0.08057	-0.080586	-0.086054	-0.11227
-0.01984	-0.060982	-0.038386	-0.06644	-0.087595	-0.1612	-0.10664	-0.095877	-0.14184	-0.10065	-0.12261	-0.044505	-0.08777	-0.1338
-0.010677	-0.026094	-0.042081	-0.10206	-0.086149	-0.05765	-0.091474	-0.10146	-0.064358	-0.096854	-0.098865	-0.10173	-0.09896	-0.13628
-0.0084097	-0.052744	-0.057149	-0.074768	-0.10203	-0.12281	-0.080347	-0.092348	-0.098579	-0.14094	-0.10084	-0.087897	-0.10225	-0.091339
-0.0087755	-0.015471	-0.042295	-0.093461	-0.10023	-0.11237	-0.11481	-0.097689	-0.11686	-0.12638	-0.098007	-0.098563	-0.10398	-0.082756
-0.0053509	-0.0091393	-0.071073	-0.050164	-0.097164	-0.080371	-0.13304	-0.05374	-0.041962	-0.097349	-0.074387	-0.062879	-0.063054	-0.080228
-0.0069223	-0.064055	-0.042558	-0.035048	-0.076612	-0.088692	-0.10028	-0.067616	-0.052357	-0.10637	-0.052738	-0.067791	-0.087913	-0.079203
-0.0037687	-0.051446	-0.025201	-0.12101	-0.07054	-0.052405	-0.11195	-0.10506	-0.070016	-0.10505	-0.07488	-0.083781	-0.075357	-0.087619
-0.015738	-0.064347	-0.085593	-0.078504	-0.070175	-0.085474	-0.09025	-0.069587	-0.085895	-0.094946	-0.093794	-0.031646	-0.087103	-0.085354
-0.0092956	-0.028425	-0.030947	-0.060654	-0.073052	-0.09048	-0.077041	-0.066869	-0.043631	-0.074002	-0.065391	-0.056474	-0.093381	-0.063396
0.0012382	-0.0094307	-0.069976	-0.054264	-0.080125	-0.014615	-0.11536	-0.077884	-0.058127	-0.051132	-0.035381	-0.028086	-0.067282	-0.066209
-0.0035601	-0.0068876	-0.038672	-0.052468	-0.086212	-0.057102	-0.047032	-0.069921	-0.084941	-0.046217	-0.021156	-0.068299	-0.082843	-0.086046
-0.0040775	-0.012371	-0.04282	-0.059001	-0.051101	-0.077749	-0.044076	-0.05401	-0.04414	-0.047354	-0.041167	-0.06334	-0.027879	-0.036812
-0.012325	-0.019286	-0.093198	-0.080888	-0.098404	-0.089074	-0.071748	-0.04158	-0.027561	-0.031508	-0.044998	-0.066789	-0.054089	-0.034547
-0.0092307	0.0054042	-0.060988	-0.099707	-0.066471	-0.065184	-0.097911	-0.072432	-0.075213	-0.066959	-0.057729	-0.066615	-0.022094	-0.09575
-0.014151	-0.084665	-0.039172	-0.068299	-0.071431	-0.1065	-0.08955	-0.08359	0.0033062	-0.10672	-0.051642	-0.040563	-0.05668	-0.04561
-0.013571	-0.00506	-0.08669	-0.035858	-0.062466	-0.077725	-0.10471	-0.061767	-0.032362	-0.067106	-0.049734	-0.064707	-0.054773	-0.03562
-0.0030994	0.0056691	-0.063896	-0.047668	-0.096894	-0.066233	-0.062863	-0.096369	-0.050768	-0.090013	-0.084019	-0.017611	-0.049035	-0.081659
-0.0083149	-0.02114	-0.015378	-0.091188	-0.088581	-0.071049	-0.08065	-0.082112	-0.032902	-0.040183	-0.052866	-0.028737	-0.020695	-0.065279
-0.0111	-0.038147	-0.048375	-0.066313	-0.074943	-0.014186	-0.095225	-0.049703	-0.037813	-0.08341	-0.0094415	-0.025257	-0.076374	-0.097347
-0.017868	-0.069142	-0.056672	-0.057189	-0.08804	-0.07062	-0.050942	-0.086689	-0.075547	-0.019092	-0.044712	-0.04069	-0.069905	-0.08688
-0.022775	-0.031074	-0.047684	-0.022443	-0.044712	-0.062919	-0.046047	-0.066615	-0.024398	-0.052563	-0.058985	-0.064882	-0.083542	-0.093842
-0.013774	-0.02816	-0.056792	-0.035366	-0.065009	-0.12174	-0.075929	-0.055965	-0.04503	-0.09027	-0.070032	-0.044696	-0.0803	-0.074721
-0.014427	-0.047896	-0.081468	-0.007995	-0.083558	-0.080777	-0.082605	-0.11066	-0.068808	-0.062979	-0.039514	-0.058492	-0.061783	-0.047016
-0.019185	-0.03465	-0.067878	-0.056156	-0.084099	-0.10719	-0.073513	-0.053168	-0.060479	-0.064135	-0.077518	-0.092698	-0.060114	-0.082636
-0.015893	-0.03012	-0.013256	-0.046842	-0.083797	-0.078702	-0.033172	-0.059462	-0.017023	-0.06309	-0.075961	-0.078392	-0.075643	-0.088263
-0.018199	-0.027339	-0.036502	-0.082747	-0.079982	-0.084949	-0.1331	-0.062816	-0.059414	-0.062081	-0.080411	-0.079982	-0.08599	-0.074959
-0.014714	-0.0092984	-0.064254	-0.042979	-0.05277	-0.029779	-0.096163	-0.10298	-0.042359	-0.041999	-0.087278	-0.088883	-0.091792	-0.10119
-0.017911	-0.022941	-0.065613	-0.059319	-0.074212	-0.094295	-0.077185	-0.085037	-0.062609	-0.078954	-0.069364	-0.080856	-0.061385	-0.108
-0.020035	-0.077698	-0.044918	-0.070366	-0.064914	-0.10057	-0.095575	-0.043249	-0.060161	-0.058963	-0.076517	-0.10209	-0.061258	-0.065065
-0.012596	-0.0086891	-0.039745	-0.031265	-0.03047	-0.054026	-0.072734	-0.065375	-0.090902	-0.066061	-0.057316	-0.060575	-0.10893	-0.057054
-0.020561	-0.027815	-0.0067236	-0.10179	-0.053247	-0.12147	-0.051912	-0.051753	-0.083892	-0.070462	-0.075388	-0.065438	-0.036558	-0.074554
-0.01605	0.010597	-0.023723	-0.044998	-0.063436	-0.096369	-0.068744	-0.080347	-0.084178	-0.085648	-0.04735	-0.058333	-0.064723	-0.053168
-0.021287	-0.04077	0.0052214	-0.074498	-0.075325	-0.07515	-0.083654	-0.045284	-0.062959	-0.091021	-0.038306	-0.052246	-0.03287	-0.095869
-0.014787	-0.049565	0.0059606	-0.054376	-0.094796	-0.064302	-0.089471	-0.054248	-0.067981	-0.044016	-0.064914	-0.07097	-0.048987	-0.065494
-0.016763	-0.063102	-0.035667	-0.086689	-0.079775	-0.093032	-0.079759	-0.096115	-0.018883	-0.030848	-0.073481	-0.045268	-0.041628	-0.10901
-0.026199	-0.013669	-0.059128	-0.053962	-0.080348	-0.065399	-0.099882	-0.05614	-0.057459	-0.10126	-0.088772	-0.025606	-0.051371	-0.040317
-0.012956	0.00026489	-0.034666	-0.06663	-0.07124	-0.074434	-0.10293	-0.072257	-0.050593	-0.090306	-0.061608	-0.057475	-0.057539	-0.036669
-0.017914	-0.043869	-0.069046	-0.10082	-0.067028	-0.071788	-0.13889	-0.059589	0.00038147	-0.088876	-0.071288	-0.063166	-0.059287	-0.011873
-0.017497	-0.036637	-0.02079	-0.030613	-0.034364	-0.082183	-0.076819	-0.062959	-0.027243	-0.077725	-0.051101	-0.028785	-0.066567	-0.063444
-0.010447	-0.000583	-0.011921	-0.093477	-0.076835	-0.044895	-0.05827	-0.07205	-0.039816	-0.076735	-0.027164	-0.04104	-0.036192	-0.055981
-0.012181	-0.031975	-0.026083	-0.057125	-0.068331	-0.048352	-0.095368	-0.076708	-0.040198	-0.037432	-0.064342	-0.059112	-0.06512	-0.080395
-0.013211	0.00066233	-0.016904	-0.071017	-0.043726	-0.081921	-0.10533	-0.051864	-0.040674	-0.030426	-0.062069	-0.057666	-0.058429	-0.048876
-0.014451	-0.03314	0.0054121	-0.073608	-0.070445	-0.1205	-0.063912	-0.080252	-0.033236	-0.068757	-0.067139	-0.065279	-0.084941	-0.081587
-0.016064	-0.030915	-0.053787	-0.046444	-0.099628	-0.094057	-0.05978	-0.077328	-0.055631	-0.070206	-0.060034	-0.033935	-0.056092	-0.080872
-0.019331	-0.040876	-0.08719	-0.055043	-0.077614	-0.090075	-0.098912	-0.075547	-0.063007	-0.079779	-0.083717	-0.052437	-0.084051	-0.034476
-0.01825	-0.059605	-0.1267	-0.036637	-0.069205	-0.059772	-0.059462	-0.040055	-0.045443	-0.096303	-0.047461	-0.068124	-0.072829	-0.10004
-0.022208	-0.099421	-0.13316	-0.10454	-0.082589	-0.071741	-0.0087739	-0.073179	-0.045475	-0.098046	-0.087452	-0.05064	-0.11247	-0.086642
-0.012498	-0.089964	-0.12913	-0.062784	-0.057745	-0.073076	-0.061036	-0.082112	-0.0087261	-0.064337	-0.068029	-0.097911	-0.055059	-0.084782
-0.021891	-0.11142	-0.16797	-0.071701	-0.081905	-0.047398	-0.033077	-0.0247	-0.071971	-0.085886	-0.054757	-0.060638	-0.056919	-0.084782
-0.0077432	-0.11648	-0.14017	-0.077677	-0.060797	-0.090242	-0.062339	-0.084671	-0.062832	-0.058046	-0.066313	-0.02869	-0.056076	-0.085498
-0.014132	-0.092136	-0.20242	-0.03767	-0.094796	-0.052834	-0.072209	-0.053946	-0.086356	-0.04475	-0.072559	-0.04983	-0.031106	-0.086213
-0.010946	-0.071049	-0.14942	-0.03891	-0.081397	-0.055886	-0.06156	-0.039308	-0.01715	-0.06784	-0.095432	-0.091362	-0.078456	-0.12107
-0.015958	-0.073116	-0.13616	-0.056553	-0.074848	-0.073791	-0.041374	-0.037019	-0.0477	-0.061311	-0.075261	-0.11218	-0.058	-0.090051
-0.025901	-0.040902	-0.045133	-0.041421	-0.037559	-0.050211	-0.086244	-0.036272	-0.038544	-0.079981	-0.030883	-0.061242	-0.083495	-0.085855
-0.021135	0.014967	-0.026202	-0.094494	-0.062847	-0.086642	-0.069507	-0.029199	-0.056315	-0.075377	-0.059351	-0.055345	-0.066567	-0.037241
-0.021878	0.025246	0.010371	-0.04646	-0.062514	-0.044561	-0.069809	-0.025129	-0.023079	-0.090875	-0.041501	-0.02869	-0.066567	-0.019074
-0.018841	0.028319	0.022793	-0.052262	-0.030105	-0.02439	-0.051181	-0.028372	-0.072003	-0.023824	-0.099405	-0.045093	-0.083987	-0.066471
-0.019962	0.075049	0.016379	-0.04948	-0.030073	-0.060272	-0.051817	-0.004085	-0.020552	-0.051535	-0.065565	-0.042979	-0.063245	0.015807
-0.0062287	0.097779	0.045205	-0.046603	-0.032918	-0.020671	0.0023842	-0.01173	-0.023826	-0.023604	-0.028197	-0.038624	-0.0398	-0.018239
-0.006524	0.055552	0.048614	-0.048304	-0.039498	0.031662	0.0078201	-0.012779	-0.012573	-0.030206	-0.03109	0.0025749	0.014289	0.013089
0.0029287	0.041618	0.023699	-0.031281	-0.016578	-0.064659	0.00066747	0.0040849	-0.039133	0.010582	-0.015306	0.0041643	0.040579	0.0034332
0.0090816	0.037141	0.022245	-0.027768	-0.015783	0.014568	0.020933	0.036923	0.00042913	-0.011554	-0.036319	-0.00092187	-0.0046095	-0.0051259
0.021842	0.058466	0.031543	-0.034889	-0.053152	0.030089	0.0020823	0.0083447	-0.017516	-0.0092801	-0.020774	0.0095369	-0.00031807	0.028229
0.026112	0.0016426	0.003028	-0.041549	-0.055393	-0.0012397	-0.024367	0.016101	0.017452	0.018395	0.032091	0.042645	0.016674	0.05436
0.023614	0.023498	-0.0021221	-0.063738	-0.029373	-0.047922	-0.04592	0.0067235	-0.010093	-0.022301	-0.01572	0.022221	-0.022475	-0.014496
0.031558	-0.018676	-0.024963	-0.036017	-0.074435	-0.059676	-0.083908	-0.026353	-0.051896	-0.03591	-0.013431	-0.072082	-0.012732	-0.0031709
0.027332	-0.058837	-0.010705	-0.10279	-0.11568	-0.063563	-0.043138	-0.010204	-0.03109	-0.04629	-0.039864	-0.058413	-0.080014	-0.044442
