0.0010015	0.0008344	-0.0011085	-0.0043987	0.013304	-0.0084878	-0.007272	0.0007628	0.0008106	0.0020385	-0.0032427	-0.011349	-0.0022412	-0.003028	-0.0008822	0.005424	-0.00453	0.010395
-0.0013827	-0.0028135	-0.0012517	0.001955	-0.0044824	0.0062228	0.0003337	0.0085591	0.001073	-0.0076534	0.0041724	0.0057102	-0.0050903	0.00422	0.0007511	0.0020384	0.001955	0.0033497
0.0072716	0.0028373	-0.0054719	0.0012398	0.0045183	0.0033379	-0.0008105	0.0041248	0.0049353	0.0076889	-0.0083685	-0.0001312	-0.0046252	-0.0017644	-0.0041963	-0.0034213	-0.0020026	0.0027776
0.0021935	0.0046252	0.0051261	-0.0041248	0.0053168	0.0050068	0.0053645	0.0093938	-0.0077725	-0.0086547	0.0050186	-0.0033976	-0.0014306	0.015438	-0.0040413	-0.0051976	0.0005604	-0.012672
0.0059367	0.0014782	0.0035287	-0.0006675	0.0001431	0.01092	-0.0048399	0.0024796	0.0024079	0.0029563	0.001955	0.0037431	5.97e-05	0.004673	0.0019311	-0.0043273	-0.0003457	-0.0011206
-0.0006914	-0.0002624	0.002396	0.0038267	-0.0074746	0.011396	0.0032186	0.0011205	0.0020504	0.0057578	0.0087976	0.0069736	-0.0025034	0.00484	-0.003469	0.0013949	0.0006317	-2.39e-05
-0.0043869	-0.000453	0.0017999	0.001359	-0.0007153	0.0030996	0.0015498	0.0067473	-0.0043154	0.0003815	-0.0031115	-0.0048995	0.004816	-0.0034452	0.011921	-0.0059963	-0.0040293	-0.0016332
-0.0018836	-0.0038385	-0.0005244	0.0023844	0.0008464	0.0034331	-0.013113	-0.011134	0.0072956	0.0046134	0.0079632	-2.39e-05	-0.0051974	0.0020504	0.0020862	0.0039697	-0.0012754	0.0072955
-0.0009298	-0.0002385	-0.01117	0.0012397	0.0011802	-0.02029	0.0034571	0.0080348	0.0008346	0.0060797	-0.0003695	0.0011446	-0.0020028	-0.0045417	0.0069499	0.0006439	0.0084756	-0.0049353
0.0033616	-0.003743	0.0020384	0.0005484	0.0077129	0.0094652	0.0098466	0.01564	-0.0017404	0.0060439	-0.0025391	0.0044942	0.0006198	0.0013828	0.001335	0.0071288	-0.0022055	-0.0025988
-0.0018835	0.0062942	0.0002502	-0.0035526	0.0032545	0.0050782	0.014258	0.004387	0.0054599	-0.0022411	-0.0002263	0.0088217	-0.011981	0.0059842	0.0041127	-0.0058294	0.0083807	-0.0002741
-0.0079632	0.0010014	-0.0033379	0.0077965	0.0024199	0.0017643	0.0036716	-0.0057698	-0.003147	0.0041368	-0.0012517	-0.0038743	0.0068906	0.0093936	-0.0061394	-0.0018001	0.0054241	-0.0007511
0.0075816	-0.002241	0.0042677	0.0073433	0.006187	0.0050069	0.0040532	0.0096323	-0.0099898	-0.0062584	-0.0086783	-0.0041365	0.0079989	-0.003624	-0.0014067	0.0007988	-0.010479	0.0047803
-0.0060082	-0.0034331	-0.0063778	-0.0029683	0.0018358	-4.75e-05	-0.010777	0.0011683	0.0043868	0.0019191	0.0011445	-0.0027299	-0.0013828	-0.0044466	-8.35e-05	0.0079513	0.0058771	0.012279
-0.0041961	0.0047923	0.0054241	0.0048757	-0.0047683	-0.005293	-0.011754	-0.0065326	0.0085593	0.010228	0.0011683	0.0014426	0.0064016	0.0041963	0.0010015	0.0017762	0.012565	-0.0044704
-0.0025034	0.0075818	-0.0041961	-0.0003457	0.0058413	0.0075579	0.010133	0.01893	0.0083209	-0.0009181	0.0059605	-0.0034928	0.0047326	0.0010729	-0.01508	-0.0067829	0.010753	-0.0051856
-0.0054836	-0.0045541	0.0044464	-0.0039101	0.005436	-0.0024082	-0.0051498	0.0058651	0.0044584	-0.0009656	-0.015986	-0.0036957	0.0042439	-0.0006319	-0.001955	0.0015259	-0.0018955	0.0040173
-0.0047446	0.0023126	-0.0015855	0.0084879	-0.010979	0.0025748	0.0008821	-0.0065806	-0.0035286	0.0069858	-0.0007509	0.0029205	0.0062943	-9.53e-05	0.0026344	-0.007522	-0.0028851	-0.0014663
0.0018357	-0.0022412	-0.0069857	0.0043153	0.0037789	0.0001432	-0.0012637	-9.54e-05	0.0007632	-0.0066162	0.0066997	0.0017524	0.0043153	-0.0058651	-0.0036121	-0.0007272	-0.0017285	0.0051855
-0.000477	0.0046013	0.0020744	-0.0012875	-0.0057341	0.0037193	0.0005246	-0.0031233	0.0076055	0.0054716	0.0015138	-0.0053169	0.0025512	0.017667	0.0023125	-0.0004171	0.0010133	-0.0051616
0.0002383	0.0057221	0.0063658	0.0031114	-0.010169	0.0003101	-0.0007391	0.004363	0.0098232	0.0068429	-0.0082852	0.0002026	0.0043868	-0.0044584	0.0005841	0.0050664	0.0012397	-0.013936
-0.0103	-0.0025272	-0.0012875	0.0029206	-0.0067117	-0.0011444	-0.0035047	-0.010252	-0.0064611	-0.0082373	0.0024318	-0.0047087	0.0007868	-0.0020983	-0.0049712	0.0034333	-0.0050783	-0.0011204
-0.009632	0.0002861	-0.0020266	0.0016092	-0.0018599	0.0035525	-0.0041486	-0.0040533	0.0082733	0.0069142	-0.0021935	-0.0073552	0.0025987	0.0003694	0.0060082	-0.0014664	-0.0053168	-0.0080824
0.0060321	-0.001049	0.0039696	0.0056147	-0.0056505	-0.0003575	-0.0065805	0.0048161	0.012422	0.0038506	-0.0055433	-0.0025154	0.0059844	-0.0012995	4.77e-05	0.0012279	-0.001085	-0.001812
-0.003004	-0.0059129	0.0038624	-0.0056862	-0.0024438	0.0063897	0.016236	0.0056268	0.0038624	0.0027775	0.0031711	-0.0004051	-0.0033499	-0.0030161	0.0051497	0.0095486	0.0082135	-0.0016213
0.0017881	-0.0006199	-0.0002504	0.0041247	-0.0043034	0.0014066	-0.0012636	-0.0031471	-0.0019788	0.0010849	-0.0009895	-0.0003338	0.0039936	0.0071526	0.0034333	0.0065565	0.0049353	-0.0028731
0.0064849	0.0008585	-0.0014187	-0.0005365	0.0015615	0.010395	-0.009966	-0.0057935	-0.0019312	-0.0053762	0.0061033	0.0079751	-0.0001311	-0.0097633	-0.0007748	0.000155	0.0030876	-0.0010014
0.0002385	0.0064135	-0.006485	-0.0023961	0.001204	-0.0043869	0.014281	0.010657	4.76e-05	-0.0025988	-0.0017168	-0.0064732	0.0032901	0.0018715	0.0063301	0.0043869	0.0047563	0.0046968
-0.0037192	-0.0042199	0.004542	0.0025989	-0.0040173	-0.0009775	-0.0043631	-0.0041248	-0.0080347	0.0012159	0.0036241	0.0065923	-0.0047684	0.0039579	-0.0007271	-0.012147	0.0029088	-0.0003101
0.0056505	0.0026226	0.0012874	-0.0017285	0.0049712	0.0046969	0.0044346	0.007987	0.0098227	0.003898	-0.0038624	-0.0072956	-0.0042916	0.0065923	0.003028	-0.0025274	0.0050426	0.010335
0.011396	0.0032903	-0.0014305	0.0017526	0.0023842	0.0011682	-0.0065566	-0.0025749	-0.005126	0.0023843	0.0062703	0.0050068	-0.00571	-0.0037075	-0.0043989	-0.0001551	0.0020146	-0.0028491
-0.0021934	0.0060797	0.0036001	0.0033854	0.0054001	0.0025511	0.016713	-0.0052215	-0.0017405	0.00664	0.010479	0.013018	0.0064255	0.0059366	0.0044583	-0.0056983	-0.0060439	0.0032306
-0.0093461	0.010514	0.0028492	-0.0047684	0.016594	-0.0059605	-0.0021219	-0.0028848	-0.0010251	0.0005006	0.0040651	-0.0014782	0.0068426	0.0034093	0.0067592	-0.0055434	0.0035405	0.0028968
-0.002265	-0.0038624	0.0029805	-0.0038267	0.0047206	-0.0022889	-0.0089645	-0.0053644	0.0028372	0.0093341	0.000763	-0.0016332	0.0049592	-0.0086904	0.0087261	-0.0022173	0.003481	0.0035882
0.014019	0.002074	0.0003934	0.0003099	0.0068904	0.0056745	-0.0073911	0.0015735	-0.0069382	-0.007713	-0.0006795	0.0014066	0.010407	0.0059487	0.0031354	0.0012995	0.016403	0.000155
0.0083209	0.0011206	0.0014425	0.0023723	0.012708	0.012016	-0.0065567	-0.003624	0.010514	-0.0047327	0.004077	0.0073194	-0.0092864	0.0013948	-0.0001789	-0.0067591	0.0043631	-0.0018359
0.0064372	0.0054361	0.0021933	0.000894	0.00242	-0.002098	0.0096321	0.004649	0.0006437	-0.0002385	-0.0012398	0.0051857	-0.0045778	0.013769	0.0099063	0.0036838	-0.0062943	-0.0029683
0.010514	-0.0011682	-0.0018955	0.0056982	0.0055075	0.0071525	0.015807	0.020838	0.0096798	0.0094654	0.0050904	0.0035048	0.0083566	0.005424	0.0006082	0.0035286	0.0060557	0.0028014
-0.0011204	0.0035286	0.0094653	-0.0059962	-0.0012159	-0.0079395	0.0059367	0.0010253	0.0008344	-0.0021578	-0.0003933	0.0047565	0.009668	-0.0010371	-0.0046015	0.0019432	0.0015972	0.0039577
0.011778	-0.0079633	0.0020979	0.0097039	0.010467	0.0053884	0.0033618	-0.0004053	0.0103	0.0099422	0.0015854	-0.0039222	0.0059009	0.0080705	0.0009894	0.0035881	-0.0031589	-0.0028373
0.012159	0.016499	0.0050306	0.0022887	0.0055313	-0.001359	0.0098707	0.014973	0.0088929	0.01483	0.0067475	0.015962	0.0019072	0.0001669	0.0019669	0.0040769	0.002873	0.013184
0.0065804	0.004983	0.0099063	0.0025749	0.0017285	0.0018835	-0.006652	-0.011897	0.015116	0.010204	0.007546	0.011563	0.0042678	0.013113	-0.0052095	0.0063897	-0.003159	0.0029801
0.019622	0.0024081	-0.0007272	0.01067	0.0044703	0.015688	0.0050067	0.007224	0.0051736	0.0011563	0.0010848	0.0091911	-0.0015139	0.016153	-0.0023365	0.0090122	0.0097393	0.0029684
0.0066519	0.0018359	0.0070215	0.0095725	0.012517	0.0077725	0.011349	0.012946	0.013185	0.0073791	0.014841	0.0038861	0.0057699	0.011206	0.0061036	-0.0003815	0.010288	0.0053286
0.015211	0.0086785	0.0069738	0.0070095	0.014639	0.018025	0.002694	0.0061273	0.022364	0.021672	0.0089288	0.013387	0.007868	0.0046015	0.0053527	-0.0002027	0.0029446	-0.0014065
0.0090837	0.0075342	0.0049712	0.0031353	0.024474	0.018096	0.019455	0.004983	0.0059606	0.0062942	0.012255	0.0094176	0.010073	0.010419	0.0085354	-0.0053763	0.0069976	0.0095845
0.0047206	0.008869	0.014198	0.0041961	0.0015975	0.015712	0.021911	0.0056505	0.017476	0.019526	0.01955	0.012195	0.011468	0.0062107	0.01384	0.0058173	0.0046611	0.0037072
0.01123	0.012517	0.0086189	0.0016094	0.013518	0.019455	0.024557	0.018835	0.015712	0.017834	0.02178	0.017476	0.011206	0.0092388	0.0069022	0.010538	0.0072718	0.0010491
0.0051021	0.0032187	0.0057816	0.0056505	0.015807	0.0020743	0.019526	0.011802	0.0081779	0.013816	0.003767	0.0081659	0.017941	0.0065208	-0.0047684	0.0057101	0.0011683	0.0004411
0.0082494	0.0031232	0.0074031	0.0023962	0.013805	-0.001049	0.024152	0.018191	0.022531	0.018573	0.01241	0.013459	0.0047923	0.014377	0.0061035	0.0037194	8.35e-05	0.0018358
0.01061	0.0021456	0.0009298	0.0020982	0.017035	0.0019551	0.012183	0.0065567	0.014401	0.021303	0.0098229	0.002277	0.012863	0.0069499	0.014722	-0.0016333	0.0036001	0.0006319
0.002265	0.0030278	-0.0005246	0.0026225	0.0079394	0.012898	0.016165	0.023651	0.0093224	0.0097037	0.0037551	0.0090362	0.0043274	-0.001943	0.0098109	0.0036596	-0.0007987	0.004971
-0.003457	-0.0010969	-0.003624	-0.0029921	0.013554	0.0064135	0.0006199	0.010276	0.011683	0.0080108	0.012398	0.017274	0.0063897	0.0024915	0.0016928	-0.0045179	0.0014305	-0.0008703
-0.0008345	-0.0071288	-0.008619	-0.0011326	-0.012601	-0.012207	0.0060322	-0.0078678	0.005913	0.018859	0.0042318	0.0045179	0.0099181	0.0007749	0.0097515	0.0003457	0.0026704	-0.0048041
-0.002718	-0.016665	-0.0091433	-0.015521	-0.014627	-0.02234	-0.0076055	-0.0075101	-0.0052929	-0.0025869	-0.0003695	0.0074387	0.0070334	-0.0006319	0.0051976	-0.003183	-0.0039578	-0.0038385
-0.0059607	-0.013566	-0.014007	-0.0055671	-0.018287	-0.020361	-0.012183	-0.0036718	-0.0022173	0.0014544	-0.0097037	-0.013494	-0.0053882	-0.0096439	-0.0038147	-0.0028969	-0.007546	-0.014317
-0.026035	-0.0085593	-0.0094891	-0.013399	-0.03413	-0.024057	-0.038767	-0.028849	-0.0007391	-0.013697	-0.0079512	-0.001049	-0.0019074	-0.013006	-0.0071287	-0.0072718	-0.014699	-0.0060558
-0.035	-0.025916	-0.018084	-0.01452	-0.02724	-0.037837	-0.02718	-0.025416	-0.017905	-0.013709	-0.019574	-0.0097633	-0.0082256	-0.01564	-0.020516	-0.0099064	-0.019431	-0.026941
-0.032497	-0.025797	-0.020123	-0.021756	-0.041497	-0.051355	-0.067377	-0.052452	-0.024224	-0.026441	-0.019682	-0.028873	-0.0278	-0.026286	-0.020528	-0.01713	-0.025082	-0.020206
-0.038529	-0.034213	-0.023318	-0.028122	-0.052941	-0.06466	-0.067449	-0.071645	-0.047636	-0.036788	-0.0404	-0.025475	-0.024223	-0.036526	-0.025892	-0.0247	-0.023902	-0.03041
-0.051499	-0.048375	-0.036562	-0.034833	-0.077308	-0.06454	-0.07968	-0.071574	-0.051213	-0.044632	-0.047314	-0.042427	-0.044477	-0.044346	-0.036562	-0.0417	-0.035584	-0.029099
-0.073028	-0.046921	-0.038517	-0.038612	-0.076759	-0.079752	-0.11139	-0.093389	-0.049758	-0.057388	-0.06336	-0.059701	-0.063372	-0.04865	-0.051678	-0.041414	-0.042844	-0.048983
-0.066924	-0.049949	-0.041485	-0.050533	-0.095439	-0.10262	-0.13213	-0.10502	-0.066114	-0.064648	-0.070584	-0.062049	-0.081766	-0.059963	-0.057507	-0.040007	-0.055612	-0.051236
-0.084401	-0.06249	-0.049734	-0.051511	-0.10352	-0.11907	-0.13812	-0.1147	-0.083542	-0.080657	-0.08421	-0.080502	-0.072265	-0.063074	-0.06156	-0.058091	-0.052274	-0.054837
-0.089026	-0.067378	-0.054193	-0.058341	-0.12865	-0.13433	-0.17419	-0.14494	-0.091148	-0.089729	-0.088835	-0.086785	-0.09023	-0.084424	-0.064791	-0.073135	-0.068188	-0.067151
-0.093628	-0.066281	-0.046719	-0.048578	-0.13663	-0.14515	-0.18332	-0.14558	-0.10066	-0.090218	-0.096191	-0.094081	-0.097132	-0.084067	-0.08601	-0.072241	-0.062371	-0.072778
-0.086022	-0.062061	-0.050784	-0.052238	-0.15029	-0.16234	-0.19498	-0.16162	-0.10221	-0.092126	-0.08868	-0.096429	-0.10989	-0.084579	-0.083375	-0.079096	-0.064683	-0.069321
-0.09377	-0.049615	-0.047875	-0.049937	-0.14935	-0.15631	-0.1899	-0.15712	-0.098801	-0.09693	-0.10457	-0.10809	-0.10197	-0.08775	-0.087703	-0.064731	-0.067318	-0.059081
-0.079012	-0.037193	-0.02594	-0.043297	-0.12848	-0.12479	-0.1549	-0.12553	-0.093461	-0.086988	-0.095869	-0.091768	-0.0924	-0.076247	-0.081563	-0.062883	-0.060487	-0.054276
-0.046063	-0.0054121	1e-07	-0.0030042	-0.086487	-0.083423	-0.099993	-0.086856	-0.063443	-0.070525	-0.072742	-0.070203	-0.074614	-0.055659	-0.04834	-0.038183	-0.03103	-0.022626
0.031471	0.063944	0.054932	0.043464	0.0067713	-0.015616	-0.031376	-0.02358	0.0004292	-0.006473	-0.012648	-0.013721	-0.029373	-0.0092626	-0.0084043	-0.011921	0.0036955	0.015879
0.2249	0.25113	0.18971	0.15904	0.20452	0.17924	0.16928	0.15447	0.1226	0.10808	0.075519	0.081158	0.05579	0.066424	0.067294	0.070739	0.089837	0.080991
0.63784	0.52512	0.38659	0.33646	0.51766	0.47474	0.52653	0.43679	0.29388	0.25653	0.22473	0.21548	0.18624	0.19581	0.18715	0.18288	0.19286	0.19194
1.1827	0.83092	0.58313	0.52353	0.86685	0.81702	0.85187	0.7272	0.4755	0.42728	0.39706	0.38033	0.33667	0.32084	0.30998	0.32237	0.31879	0.31678
1.663	1.0497	0.73275	0.70959	1.265	1.1633	1.2307	1.0482	0.67544	0.61165	0.56914	0.57247	0.52092	0.49131	0.46758	0.45381	0.43667	0.4429
2.0399	1.2582	0.90415	0.89816	1.666	1.614	1.6919	1.4539	0.93828	0.85556	0.77364	0.77824	0.74948	0.68769	0.63445	0.6048	0.57607	0.55904
2.2086	1.3013	0.94804	0.97179	1.9117	1.8885	2.0234	1.7228	1.1323	1.0203	0.94916	0.95916	0.91455	0.8417	0.7684	0.73017	0.62799	0.62601
1.9516	1.0978	0.82524	0.9008	1.9068	1.889	2.1018	1.8043	1.1505	1.0659	1.0035	0.98947	1.0088	0.88703	0.80351	0.75405	0.64432	0.62164
1.4605	0.78659	0.61566	0.71782	1.6973	1.7497	1.9606	1.6606	1.1035	1.0148	0.96413	0.96366	0.96162	0.85554	0.78497	0.7118	0.583	0.55381
0.86363	0.44916	0.38769	0.51831	1.3671	1.4642	1.6972	1.4352	0.98243	0.89723	0.87709	0.88009	0.88811	0.77202	0.68164	0.6203	0.47255	0.44307
0.38741	0.21529	0.21184	0.31905	1.0229	1.139	1.3583	1.1484	0.7891	0.73213	0.72191	0.71923	0.76447	0.63677	0.58141	0.49427	0.35976	0.32637
0.09811	0.061107	0.067306	0.16209	0.69662	0.7977	0.99569	0.8518	0.59216	0.56587	0.575	0.57463	0.62958	0.53062	0.44245	0.37161	0.26241	0.22032
-0.038052	-0.035787	-0.0091791	0.052536	0.41731	0.51461	0.67978	0.58084	0.43619	0.40487	0.42589	0.43218	0.48124	0.38872	0.34406	0.26069	0.16648	0.11994
-0.079156	-0.079084	-0.056124	-0.024641	0.1739	0.26906	0.385	0.33522	0.26694	0.26231	0.28666	0.29806	0.32422	0.26992	0.227	0.1576	0.071526	0.041771
-0.083924	-0.088835	-0.076116	-0.068295	-0.0045895	0.060416	0.17021	0.14436	0.1312	0.13013	0.16512	0.16729	0.20079	0.17612	0.12834	0.077582	-0.0085237	-0.015235
-0.080777	-0.088668	-0.082982	-0.077046	-0.1079	-0.074292	-0.0086547	0.0040054	0.028849	0.036586	0.069464	0.068903	0.09743	0.088716	0.060785	-4.77e-05	-0.045848	-0.059259
-0.090695	-0.081587	-0.074626	-0.089407	-0.18991	-0.16553	-0.12329	-0.10128	-0.031638	-0.029445	-0.0068069	0.0023841	0.022745	0.014138	-0.00453	-0.0422	-0.078297	-0.08874
-0.091935	-0.087524	-0.071478	-0.082875	-0.21111	-0.20716	-0.21138	-0.1766	-0.10309	-0.076115	-0.055981	-0.053275	-0.034714	-0.027275	-0.030577	-0.071121	-0.11479	-0.10771
-0.11234	-0.088811	-0.074196	-0.074423	-0.21859	-0.22788	-0.24848	-0.20845	-0.1293	-0.11604	-0.08303	-0.0893	-0.059307	-0.055611	-0.063432	-0.099457	-0.12549	-0.12444
-0.11261	-0.082875	-0.071776	-0.073517	-0.21567	-0.22414	-0.2794	-0.22144	-0.13757	-0.12683	-0.10942	-0.10477	-0.10035	-0.0821	-0.090301	-0.10424	-0.12466	-0.12248
-0.10657	-0.085617	-0.05895	-0.061846	-0.18315	-0.2053	-0.26157	-0.2229	-0.15087	-0.13872	-0.12351	-0.122	-0.096703	-0.079871	-0.09811	-0.11242	-0.1352	-0.13732
-0.067711	-0.053454	-0.049162	-0.050485	-0.15732	-0.18959	-0.24274	-0.21155	-0.15109	-0.14171	-0.12649	-0.1267	-0.11027	-0.088442	-0.10508	-0.12043	-0.13343	-0.13318
-0.0103	-0.010944	-0.028289	-0.0453	-0.14052	-0.16041	-0.21942	-0.18463	-0.13073	-0.12046	-0.12546	-0.11947	-0.10872	-0.086487	-0.11315	-0.11637	-0.13228	-0.11997
0.060916	0.021363	-0.0013708	-0.031376	-0.10265	-0.12162	-0.18337	-0.15872	-0.1168	-0.099886	-0.12024	-0.1118	-0.11628	-0.094176	-0.11231	-0.12389	-0.10139	-0.10661
0.10893	0.074196	0.022149	-0.011683	-0.085068	-0.10288	-0.15013	-0.12863	-0.10452	-0.097538	-0.10142	-0.10765	-0.11619	-0.086868	-0.10895	-0.11499	-0.093985	-0.082255
0.1528	0.096179	0.042558	0.0064967	-0.051439	-0.067926	-0.10803	-0.1029	-0.089908	-0.088644	-0.098289	-0.091184	-0.11098	-0.083065	-0.11913	-0.11107	-0.061143	-0.042892
0.17226	0.11637	0.066412	0.029195	-0.026751	-0.036407	-0.092745	-0.071717	-0.066662	-0.07037	-0.083077	-0.086463	-0.096667	-0.08688	-0.12215	-0.094188	-0.038672	-0.010896
0.17345	0.1132	0.073624	0.032699	-0.011242	-0.021458	-0.066829	-0.057722	-0.054097	-0.054491	-0.064779	-0.069714	-0.099624	-0.081456	-0.10364	-0.092137	0.0054836	0.021506
0.14436	0.11351	0.086272	0.053287	0.025773	0.0072957	-0.040174	-0.04344	-0.042725	-0.048483	-0.061894	-0.076509	-0.091207	-0.077296	-0.10009	-0.073088	0.024486	0.051725
0.12219	0.10204	0.075388	0.058365	0.0265	0.011802	-0.016546	-0.0041961	-0.033236	-0.030708	-0.045169	-0.061071	-0.06944	-0.073886	-0.091541	-0.054419	0.048387	0.082958
0.07484	0.087071	0.075818	0.071001	0.053919	0.027466	0.015831	-0.0023842	-0.023365	-0.023461	-0.04381	-0.054515	-0.051117	-0.072873	-0.093747	-0.025272	0.083185	0.10433
0.060845	0.064087	0.06882	0.077069	0.070298	0.046754	0.02327	0.010777	-0.004506	-0.0074149	-0.03556	-0.031209	-0.059736	-0.057555	-0.076569	-0.0032664	0.096822	0.10917
0.025248	0.044251	0.054908	0.060499	0.085438	0.054288	0.046659	0.036121	0.0060319	-0.0035407	-0.025046	-0.030387	-0.04778	-0.046313	-0.064815	0.019443	0.10704	0.11065
0.016737	0.030661	0.050283	0.065506	0.089849	0.062848	0.064636	0.054336	-0.0005722	0.00149	-0.022149	-0.020599	-0.058842	-0.048506	-0.057483	0.039137	0.11422	0.10068
0.0027895	0.023794	0.046003	0.062657	0.10769	0.077701	0.066829	0.053621	0.023675	0.018704	-0.008285	-0.01539	-0.030625	-0.045419	-0.047493	0.057268	0.091207	0.08117
0.0046967	0.01986	0.02445	0.06069	0.11218	0.088502	0.062251	0.059915	0.026298	0.022483	3.59e-05	-0.0024557	-0.027156	-0.039053	-0.041843	0.075901	0.069571	0.071061
0.0060082	0.011897	0.029278	0.064755	0.11251	0.09513	0.073505	0.062728	0.039792	0.026906	0.0074744	-0.005424	-0.017214	-0.033438	-0.022996	0.075055	0.053621	0.054741
0.00906	0.0087263	0.017595	0.046778	0.10899	0.094867	0.10593	0.090933	0.040365	0.031758	0.01843	0.015605	-0.010192	-0.031746	-0.020826	0.090516	0.052643	0.018799
0.01452	0.0008107	0.011504	0.040698	0.122	0.105	0.084448	0.066519	0.030136	0.026393	0.017536	0.023436	-0.013196	-0.026226	0.0052213	0.082863	0.021815	-0.0063061
0.018668	0.0084401	0.0080704	0.032842	0.11176	0.093914	0.094176	0.078583	0.039482	0.035799	0.027549	0.021768	-0.010896	-0.012755	0.0041724	0.081623	-0.0094891	-0.023365
0.02997	0.01204	0.015581	0.028312	0.108	0.10121	0.094462	0.089956	0.042916	0.031138	0.028801	0.014997	-0.0009895	-0.017381	0.020588	0.064707	-0.013495	-0.04462
0.023389	0.0072004	0.0024558	0.018609	0.085593	0.10138	0.083828	0.077248	0.033045	0.039983	0.023806	0.020862	0.0059606	-0.0065803	0.025463	0.057889	-0.028098	-0.054991
0.023294	0.0080348	0.0076056	0.01117	0.080514	0.08235	0.081087	0.069118	0.033021	0.030959	0.027597	0.017679	1.19e-05	-0.015235	0.029564	0.04462	-0.042415	-0.055588
0.019217	0.0024796	0.0063777	0.018799	0.080622	0.069929	0.084615	0.063801	0.035715	0.033629	0.020826	0.024367	0.010312	-0.014794	0.039339	0.024069	-0.043905	-0.053656
0.021672	0.003004	-0.0005126	0.010002	0.052691	0.053907	0.070143	0.056935	0.039506	0.034237	0.019014	0.019789	0.0009655	-0.020397	0.028849	0.0072003	-0.054515	-0.061357
0.024986	0.0050067	-0.0019669	0.010348	0.04493	0.060392	0.061989	0.047398	0.030017	0.024903	0.020075	0.013483	0.0047683	-0.014007	0.023913	-0.0060915	-0.053084	-0.053895
0.02625	0.0073195	-0.0063539	-0.0048994	0.043607	0.042368	0.053263	0.047779	0.030041	0.023711	0.01365	0.0096682	0.0028848	-0.010932	0.018632	-0.012326	-0.047958	-0.0525
0.0087263	0.002408	-0.010312	0.0001191	0.01452	0.028706	0.041056	0.024843	0.022721	0.0050188	0.019884	0.020313	-0.0027658	-0.023317	0.023758	-0.022459	-0.049866	-0.043261
0.0046491	0.0034809	-0.0042677	-0.0088691	0.018037	0.025582	0.027919	0.023842	0.025916	0.010765	0.010598	0.014794	-0.016594	-0.026345	0.026953	-0.040257	-0.046957	-0.019825
0.0073433	0.0044345	-0.006342	0.0017762	0.0092627	0.022817	0.027108	0.022769	-0.0002148	0.0001666	0.0053881	0.0056147	-0.01055	-0.025189	0.014627	-0.044704	-0.037241	-0.0064732
-0.0040531	0.0079632	-0.000608	-0.004983	-0.0026107	0.012779	0.0083448	0.0025273	0.01812	0.021827	0.0005126	-0.006032	-0.0066281	-0.02209	-0.001216	-0.031066	-0.01266	0.0007988
0.0069857	-7.15e-05	0.0017524	-0.0033854	-0.0046253	0.023985	0.018716	0.010324	0.0044584	0.0068664	-9.53e-05	-0.0081181	-0.024116	-0.0080467	-0.0010967	-0.03407	-0.0056742	0.02116
0.012374	0.0035764	0.0052213	-0.0014184	0.0006197	0.017452	0.0049592	-0.0014544	0.0042677	0.0051855	0.0093938	-0.0055908	-0.013423	-0.023437	-0.013745	-0.033081	0.0004051	0.029886
0.0043869	0.0050068	0.0013947	-0.0063061	0.0096681	-0.008154	-0.0020505	0.0024556	0.0057221	0.0041962	0.0061989	0.0048159	-0.015307	-0.025904	-0.011516	-0.027561	0.0074387	0.034416
0.003314	0.0047207	0.0006556	-0.0026583	-0.0026344	-0.0049591	0.0001907	0.0017642	0.001192	0.001037	-2.38e-05	0.0029564	-0.010729	-0.034344	-0.01297	-0.024128	0.026977	0.046158
0.0080587	0.010324	0.0036359	-0.0068306	-0.017333	-0.0091554	0.0036955	-0.0003337	-0.005579	0.0043751	-0.01092	-0.0095487	-0.012243	-0.033069	-0.0092268	-0.022757	0.025201	0.041843
0.0024319	0.010896	0.0088455	-0.0011804	-0.012624	-0.015235	-0.011444	-0.0085355	-0.013995	0.0027419	-0.003171	-0.0066162	-0.022042	-0.022698	-0.00726	-0.012684	0.031269	0.037432
0.0024795	-0.0046968	0.0013232	-0.013184	0.0013948	-0.011587	-0.013113	-0.0017168	-0.0001669	-0.008154	0.0070332	0.0032662	-0.021863	-0.033522	-0.020695	-0.011146	0.030399	0.042534
-0.0068904	-2.4e-05	0.015485	-0.0005364	-0.0056505	-0.0054122	-0.01452	-0.0095129	-0.014114	-0.0089289	0.0024556	-0.011015	-0.024414	-0.034702	-0.021327	-0.0099422	0.033426	0.045169
0.0031709	-0.0021697	0.0078201	-0.0058055	-0.010013	-0.010371	-0.011683	-0.0074626	-0.013757	-0.011182	-0.012112	-0.009954	-0.021064	-0.034845	-0.024521	-0.0010132	0.044525	0.029397
0.0082255	0.0074626	0.0055315	-0.0013589	-0.026202	0.0051261	-0.0042915	-0.0028372	-0.0064374	-0.0071288	-0.01334	-0.0087739	-0.019574	-0.037814	-0.021124	0.0064612	0.033176	0.020576
0.001812	0.0045777	0.0036836	0.0056507	-0.0064968	-0.0036239	-0.012136	-0.0063419	-0.013995	-0.0077367	-0.0028967	-0.013495	-0.019956	-0.037122	-0.022888	0.0008345	0.026298	0.029826
0.0092508	0.0038148	0.0097873	-0.0008343	-0.010276	-0.0057698	-0.020552	-0.011206	-0.0061274	-0.010288	-0.021851	-0.022018	-0.01961	-0.035155	-0.0157	0.00602	0.029802	0.01868
0.0039817	-0.0055313	0.0014186	0.0001789	-0.019634	0.0083447	-0.02079	-0.015426	-0.0081541	-0.011301	-0.010812	-0.01142	-0.027013	-0.039518	-0.027573	0.0083685	0.030136	0.013101
-0.0052453	-0.0020979	0.0064374	0.001967	0.0041365	0.0010729	-0.01173	-0.0014305	-0.01514	-0.01415	-0.0089287	-0.014079	-0.039077	-0.024462	-0.014293	0.016665	0.017369	0.0033975
0.0011444	-0.0042676	0.0029445	0.0003697	-0.0093936	-0.011254	-0.011349	-0.01142	-0.0075342	-0.016153	-0.0078798	-0.020897	-0.02811	-0.035441	-0.013244	0.0040054	0.01198	-0.0012517
0.0041962	-0.0020503	-0.0031948	0.0068665	-0.0073194	0.0004291	-0.0050307	-0.0064851	-0.011587	-0.010133	-0.017703	-0.021291	-0.028205	-0.03717	-0.017119	0.015581	0.00211	-0.0078083
-0.0025272	-0.0027658	0.004375	0.0020624	-0.010383	-0.0081064	-0.013399	-0.0091792	-0.010944	-0.0086784	-0.012911	-0.010324	-0.031686	-0.037897	-0.0092031	0.0065088	-0.0075103	-0.0094413
-0.0031709	0.0034093	-0.0007032	0.0023603	-0.013065	0.0001907	-0.017572	-0.010395	-0.0005008	-0.0028373	-0.021815	-0.018346	-0.024474	-0.040341	-0.017023	0.0070333	-0.0043275	-0.015461
-0.010586	-3.4694e-19	-0.0026703	-0.0022294	-0.0037432	-0.01154	-0.002122	-0.0006198	-0.0095367	-0.0051975	-0.018013	-0.013375	-0.029457	-0.037599	-0.0048637	0.0015616	-0.0066402	-0.0139
0.0027179	0.0036718	-0.0061273	0.0053643	-0.0025987	-0.0083208	-0.007248	-0.0060321	0.0036478	-0.010359	-0.0084638	-0.011993	-0.024986	-0.035191	0.0050546	0.0093819	-0.016427	-0.020635
-0.0014544	0.0040531	-0.0018478	-0.0020265	-0.0070451	-0.0097038	0.0015496	-0.001979	-0.0004529	-0.0033497	-0.021553	-0.020886	-0.038243	-0.036466	-0.0088692	0.0088334	-0.022268	-0.027728
0.0024796	-0.0070811	-0.0033019	0.003171	-0.0224	-0.011873	-0.0044107	-0.0072478	-0.0033856	-0.013065	-0.020659	-0.020146	-0.020921	-0.032473	-0.012147	0.0095129	-0.022042	-0.023019
0.0007631	0.0040293	-0.0033021	0.004828	-0.023556	-0.0036479	0.013185	0.0023365	-0.0031948	-0.011444	-0.010419	-0.011456	-0.029195	-0.038016	-0.0063181	0.0021458	-0.019825	-0.014114
-0.0002623	0.0029803	0.0019908	-0.0039935	-0.0097871	-0.011539	-0.015021	-0.010562	0.0021458	-0.0062943	-0.029767	-0.023389	-0.035501	-0.033009	-0.002253	0.0067831	-0.010681	-0.023365
0.0027656	0.003481	-0.0069143	0.0027179	-0.025618	-0.025845	-0.015426	-0.0082018	0.0030281	-0.011122	-0.015366	-0.017905	-0.033713	-0.045645	-0.0032902	0.0055791	-0.017476	-0.02147
0.010109	-0.0004291	-0.010145	-0.003934	-0.016248	-0.0088692	-0.0008345	-0.0049114	-0.0083447	-0.0091792	-0.0097992	-0.014556	-0.022984	-0.03593	-0.0091077	3.57e-05	-0.011516	-0.016511
0.0060321	-0.0018358	-0.010169	0.0019788	-0.020766	-0.0097753	-0.005722	-0.012779	-0.011444	-0.013566	-0.013983	-0.014389	-0.02991	-0.02619	-0.0002623	-0.0076056	-0.017679	-0.025797
2.36e-05	-0.0084877	-0.0053407	0.0005722	-0.020278	-0.016833	-0.012946	-0.012135	-0.0027896	-0.012207	-0.011838	-0.020456	-0.021827	-0.034905	-0.0035643	-0.0043272	-0.015497	-0.015485
-0.0095369	0.0017881	-0.0092268	-0.0074508	-0.0010729	-0.020886	-0.014019	-0.021458	-0.0044586	-0.0064255	-0.013781	-0.015688	-0.030995	-0.040663	-0.0041248	-0.013638	-0.015092	-0.012004
-0.0017643	0.0028611	-0.0073911	-0.0075101	-0.016057	-0.024319	-0.021434	-0.010872	-0.00875	-0.018287	-0.0063181	-0.011909	-0.0247	-0.036276	-0.0097394	-0.0091673	-0.019312	-0.012612
-0.013447	-0.0063182	-0.0019073	-0.0037789	-0.0035165	-0.017047	-0.026846	-0.020671	-0.018597	-0.014365	-0.0157	-0.022423	-0.038409	-0.044275	-0.0090124	-0.0069619	-0.018799	-0.016654
-0.0093224	-0.0015736	0.0024319	-0.0064971	-0.0026703	-0.035859	-0.028086	-0.015926	-0.016022	-0.012612	-0.019693	-0.013232	-0.031388	-0.042987	-0.013745	-0.01173	-0.012326	-0.0083326
-0.011444	-0.0070812	-0.0075102	-0.0065923	-0.028348	-0.016332	-0.031138	-0.022888	-0.0098705	-0.012958	-0.0042439	-0.02507	-0.032711	-0.029254	-0.01297	-0.0008104	-0.013411	-0.015998
-0.0067236	-0.0058888	-0.0031114	-0.0060082	-0.021505	-0.028086	-0.013685	-0.015688	-0.010729	-0.016785	-0.021458	-0.026798	-0.03227	-0.03221	-0.0090956	-0.01508	-0.015521	-0.013662
-0.012779	-0.0038387	0.0015021	-0.0044347	-0.012314	-0.0095846	-0.020647	-0.016332	-0.0061752	-0.0068785	-0.010514	-0.013256	-0.027109	-0.031483	-0.0052214	-0.011325	-0.014126	-0.0072718
0.0043629	-0.014925	0.0025154	-0.0082256	-0.015044	-0.021315	-0.011349	-0.006509	-0.01564	-0.014973	-0.018072	-0.018764	-0.02842	-0.029588	-0.0097513	-0.0072957	-0.0094057	-0.02234
0.0002861	-0.0021935	-0.0058293	-0.0091195	-0.0083209	-0.0071764	-0.017572	-0.013447	-0.0094892	-0.011206	-0.014591	-0.021148	-0.030232	-0.035465	-0.0087738	-0.0061511	-0.018394	-0.0089169
0.0024796	-0.0041009	-0.0084044	-0.0038861	-0.012422	-0.011397	-0.016833	-0.014091	-0.01545	-0.016082	-0.014425	-0.02029	-0.031078	-0.047684	-0.012779	-0.016427	-0.013387	-0.0033974
-0.0019788	-0.0037433	0.000751	-0.0013113	0.0016214	-0.0063181	-0.021863	-0.020981	-0.0052453	-0.014174	-0.0091075	-0.0050425	-0.027251	-0.029397	-0.0080585	-0.0064612	-0.0063539	-0.0077486
-0.0003339	-0.0058653	0.0009774	-0.0041605	0.0044107	-0.0074148	-0.014901	-0.011516	-0.00844	-0.0068068	-0.012803	-0.029552	-0.01359	-0.033212	-0.012362	-0.005138	-0.012899	-0.01595
0.0029087	0.0063659	0.0052571	-0.0058175	-0.010443	-0.019169	-0.012207	-0.012302	-0.0070572	-0.0069977	-0.014699	-0.016356	-0.019968	-0.034142	-0.0040533	-0.0070572	-0.010026	-0.0052809
0.0068189	0.0048636	-0.0026108	-0.0031949	-0.012887	-0.0068901	-0.01719	-0.0047447	-0.014377	-0.0080228	-0.0097038	-0.018096	-0.025082	-0.036562	-0.011659	-0.0040412	-0.012922	-0.005424
0.009203	0.0015259	0.0024319	-0.0001191	0.0007869	-0.015354	-0.015855	-0.021124	-0.011349	-0.0016451	-0.0053288	-0.020719	-0.016773	-0.032079	-0.01694	-0.0015139	-0.0070691	-0.0001907
0.0092268	0.0015022	0.0005841	0.0079036	-0.0096321	-0.011802	-0.0063182	-0.0088693	-0.0044347	-0.0093579	-0.017548	-0.016975	-0.033331	-0.034321	9.52e-05	-0.012243	-0.010693	-0.015271
0.0059128	-0.0003813	-0.0072601	0.0017763	-0.0053883	0.0073671	-0.014424	-0.011158	-0.011706	-0.01359	-0.0081896	-0.01694	-0.017631	-0.041771	5.97e-05	-0.0047921	-0.0032425	-0.0003575
0.0008108	-0.0062705	-0.0036837	0.0075459	-0.007546	-0.0030518	-0.011516	-0.019312	-0.0046493	-0.0055672	-0.012076	-0.017893	-0.021196	-0.029039	-0.013125	-0.0050306	-0.0036001	0.0034212
0.006342	0.0045061	0.0005127	0.0007271	-0.013053	0.0042916	0.0021219	-0.0013828	-7.15e-05	-0.00515	-0.0097039	-0.01986	-0.025785	-0.033784	-0.0007154	-0.0027657	0.0005843	-0.0051619
-0.0049353	-0.0010491	-0.001359	-0.0053765	-0.0061156	0.0048399	-0.012684	-0.013566	-0.010085	-0.0064255	-0.0085713	-0.016189	-0.027883	-0.029576	-0.0041722	-0.0002029	-0.0062346	0.0009655
-0.0003338	-0.000906	-0.0083208	0.0020862	-0.016475	-0.0091792	-0.016952	-0.020337	-0.0053644	-0.0019074	-0.014854	-0.024939	-0.021219	-0.031281	-0.0061155	-0.01142	0.011504	0.0008938
-0.0025511	-0.00453	-0.0048876	0.0051261	-0.020587	-0.007558	-0.0139	-0.01843	0.012732	0.0042676	-0.010979	-0.018609	-0.027239	-0.029409	0.0011445	-0.010681	0.0012398	-0.0050069
-0.0001191	-0.0043153	-0.0016452	0.0013946	-0.0083208	-0.0027418	-0.018025	-0.015783	0.0051499	0.0036836	-0.012136	-0.013578	-0.011766	-0.030696	-0.011432	-0.012124	0.0021815	0.0078679
0.0010729	0.0028372	-0.0031353	-0.0044345	-0.0030994	-0.0018119	-0.0097753	-0.014281	-0.011492	-0.0036478	-0.0069619	-0.0046133	-0.025296	-0.031221	-0.012696	-0.0039218	0.0065447	0.011993
0.001812	0.0021458	-0.0026108	0.0021222	-0.0108	-0.006795	-0.024128	-0.020242	-0.0098945	-0.010193	-0.0075817	-0.013947	-0.023758	-0.03134	-0.010991	0.0038147	0.0038147	-0.0010492
-0.0071049	-0.003028	-0.0021458	0.0053645	-0.011074	-0.014424	0.014591	-0.0048875	-0.0075103	-0.0082136	-0.016081	-0.024128	-0.022793	-0.032413	0.0015019	-0.0083686	-0.0020265	0.0039696
0.0066995	-0.0005721	-0.0021219	-0.003171	-0.007856	-0.010872	-0.03109	-0.013184	-0.0087976	-0.0081897	-0.014579	-0.018609	-0.019002	-0.044346	-0.01272	-0.0012636	0.0028372	0.0001192
0.0003815	-0.000906	-0.00211	0.001359	-0.0021576	-0.012779	-0.0090122	-0.0020506	-0.0032426	0.0046491	-0.0022292	0.0020743	-0.018406	-0.036335	-0.019002	-0.0074506	-0.0024081	-0.007498
0.0004769	-0.0039578	0.0026225	-0.00031	-0.018108	-0.01216	-0.016713	-0.012994	-0.011158	-0.0094534	-0.0070213	-0.0092267	-0.032461	-0.040758	-0.01092	-0.0065803	-0.0062584	0.0031113
-0.0031232	-0.0053645	-0.0006915	0.0075818	-0.014901	-0.017357	-0.017738	-0.013494	-0.011516	-0.0046134	-0.013018	-0.014985	-0.030339	-0.034452	-0.0047087	-0.0047565	-0.0063658	-0.0052691
0.0076056	-0.0029087	-0.0093222	-0.0009298	-0.010967	-0.015712	-0.010395	-0.0072719	-0.0082015	-0.013006	-0.0099184	-0.017941	-0.024486	-0.031793	-0.0065804	-0.0041962	0.0070095	-0.0063538
-0.002289	-0.0035525	-0.0024795	-0.0019312	-0.023282	-0.0051499	-0.0035049	-0.015974	-0.0001671	-0.0061632	-0.015652	-0.01502	-0.025582	-0.038207	-0.011086	-0.0063538	0.0027536	-0.007391
0.0008344	-0.0002384	-0.0044227	0.0080467	-0.016379	-0.010562	-0.019217	-0.002122	-0.011969	-0.015318	-0.0048996	-0.018919	-0.015759	-0.04282	-0.010908	0.00422	-0.0049115	0.0067592
-0.0035286	-0.0017643	-0.003755	0.0003099	-0.034452	-0.0211	-0.0206	-0.022841	-0.022388	-0.016749	-0.010312	-0.011671	-0.018692	-0.038028	0.0023366	-0.011397	0.0047209	-0.0053287
0.0019312	0.0041963	-0.0069738	-0.004828	-0.017321	-0.0082017	-0.017095	-0.0029563	-0.018382	-0.017357	-0.0017524	-0.018108	-0.032353	-0.040436	0.0007749	-0.010896	0.0005365	-0.0087143
0.0066995	0.0005959	0.0037192	0.0014902	-0.018907	-0.0035762	-0.0074149	-0.0064612	-0.0095129	-0.0060082	-0.0052452	-0.006938	-0.022686	-0.028682	-0.014043	-0.006485	-0.0046372	-0.01123
-0.002122	-0.0008344	-0.0046611	-0.0066758	-0.019956	-0.024987	-0.025869	-0.030995	-0.012374	-0.01061	-0.0078559	-0.014603	-0.037289	-0.047827	0.0026823	-0.0057578	-0.0054241	-0.008619
-0.0094414	-0.0071763	-0.0021935	-0.0063776	-0.014985	-0.020599	-0.01967	-0.020933	-0.01607	-0.013518	-0.01142	-0.011206	-0.022614	-0.042463	-0.013089	-0.0023127	0.0050427	-0.0015855
0.0062705	-0.0026703	-0.011695	-0.0025868	-0.024915	-0.010991	-0.030804	-0.0074387	-0.012088	-0.0024201	-0.016558	-0.020909	-0.032056	-0.034321	-0.0020743	-0.0003457	-0.0082017	-0.0088574
0.011492	-0.0031949	-0.0017524	-0.0031115	-0.022757	-0.010371	-0.017452	-0.017643	-0.013018	-0.0061632	-0.021041	-0.019407	-0.029838	-0.037945	-0.0092625	-0.0095131	-0.001526	-0.0056507
-0.0012638	-0.008917	-0.0015618	-0.0097037	-0.021768	-0.013161	-0.030184	-0.020814	-0.0098229	-0.0023483	-0.01818	-0.019324	-0.034928	-0.029266	-0.0066281	-0.01117	-0.0049828	-0.0092508
-0.013447	-0.013781	-0.0063539	0.0010013	-0.021839	-0.028873	-0.020433	-0.016403	-0.0014543	-0.007212	-0.018203	-0.023139	-0.032461	-0.034308	-0.003183	-0.0094534	-0.0073434	-0.015652
0.0023602	-0.010514	-0.01061	-0.0068427	-0.0079752	-0.027394	-0.0031233	-0.0056506	-0.0083209	-0.0032187	-0.014985	-0.015593	-0.031293	-0.044644	-0.015807	-0.0078203	-0.0033974	-0.013149
-0.0044347	-0.0068188	-0.0017406	-0.013185	-0.0040888	-0.0098228	-0.0046254	-0.0094177	-0.011969	-0.0059128	-0.01291	-0.02116	-0.019658	-0.037945	-0.00968	0.0029326	-0.0016332	-0.0062347
-0.0053167	-0.0051499	-0.0064729	-0.0085711	-0.02048	-0.01688	-0.014186	-0.01955	-0.011969	-0.0083208	-0.014436	-0.011575	-0.020492	-0.043821	-0.0095368	-0.0088573	-0.0032902	-0.016987
0.0010492	-0.0083207	-0.0016211	-0.0092627	-0.023103	-0.011325	-0.032974	-0.020194	-0.0099183	-0.0062465	-0.01806	-0.023544	-0.023413	-0.048781	-0.0037195	-0.0065088	-0.014508	-0.0092506
0.0019076	-0.0001193	-0.0007271	-0.0057221	-0.029314	-0.014281	-0.018978	-0.01235	-0.017428	-0.016499	-0.013435	-0.0079511	-0.028634	-0.039804	-0.0074864	-0.0018954	-0.0062227	-0.0018596
-0.0025752	-0.0067235	-0.0048638	-0.0075698	-0.02358	-0.017977	-0.025749	-0.016999	-0.010228	-0.014591	-0.018454	-0.022829	-0.026488	-0.047004	-0.0053406	-0.0092388	-0.0079515	-0.012243
9.53e-05	-0.0061275	-0.0039817	-0.0083804	-0.015998	-0.016046	-0.012612	-0.0069379	-0.01483	-0.014138	-0.010848	-0.01148	-0.035274	-0.034106	-0.016058	-0.010491	-0.0039577	-0.0081065
-0.010228	-0.0065804	-0.0068783	-0.005877	-0.023532	-0.012326	-0.024557	-0.023461	-0.014591	-0.0074745	-0.020778	-0.023079	-0.031138	-0.041628	-0.013673	-0.010479	-0.011432	0.0037789
-0.0060798	-0.0003577	-0.0038146	-0.0069498	-0.0089646	-0.015497	-0.014401	-0.014949	-0.029683	-0.023675	-0.0080824	-0.015628	-0.040818	-0.043512	-0.0088693	-0.0068664	-0.0047803	-0.0082372
-0.010371	-0.006199	-0.0031831	-0.0047446	-0.017011	-0.022769	-0.019646	-0.032377	-0.01967	-0.021243	-0.016654	-0.01843	-0.035024	-0.044882	-0.0089049	-0.0054358	-0.0084758	-0.014746
-0.0036956	-0.0075818	-0.0064014	0.0002145	-0.0078798	-0.021195	-0.036383	-0.027418	-0.0094653	-0.011635	-0.012624	-0.012577	-0.038994	-0.03984	-0.012422	-0.0093223	-0.010479	-0.0086428
-0.0095605	-0.014544	-0.0070216	-0.0074386	-0.014699	-0.012016	-0.025797	-0.022292	-0.020719	-0.019693	-0.019038	-0.014413	-0.028908	-0.028885	-0.0055671	-0.01018	-0.019634	-0.008881
-0.0067712	-0.0056983	-0.0055552	-0.0073552	-0.01173	-0.022745	-0.031209	-0.021339	-0.019598	-0.01235	-0.022543	-0.021184	-0.035346	-0.03953	-0.010252	-0.0030636	-0.014806	-0.0074864
-0.009513	-0.0073193	-0.0014545	-0.0040889	-0.014937	-0.01018	-0.024224	-0.025988	-0.0099899	-0.014031	-0.014198	-0.021708	-0.026906	-0.04102	-0.005591	-0.015271	-0.0044465	-0.010657
-0.0060083	-0.004387	-0.003314	-0.0096917	-0.0078917	-0.023103	-0.03705	-0.031567	-0.0069857	-0.012636	-0.021076	-0.034249	-0.027979	-0.04685	-0.017977	-0.0051617	-0.0092386	-0.0093343
-0.0067711	-0.0005006	-0.0034571	-0.0032307	-0.019848	-0.021267	-0.03717	-0.020981	-0.012279	-0.023127	-0.017142	-0.016594	-0.043035	-0.047684	-0.013578	-0.0069975	-0.0065447	-0.013554
-0.0043869	-0.0044108	-0.0023841	0.003326	-0.019574	-0.025988	-0.022555	-0.013495	-0.019693	-0.01998	-0.020266	-0.020552	-0.043357	-0.042677	-0.019348	0.0011444	-0.0099779	-0.012457
-0.0074625	-0.0059605	-0.0046968	-0.0048638	-0.013852	-0.027204	-0.028825	-0.030232	-0.014735	-0.012851	-0.022555	-0.033367	-0.034666	-0.0435	-0.012839	-0.0033856	-0.014627	-0.0032424
-0.004387	-0.0018121	-0.0002505	-0.0071525	-0.027645	-0.010848	-0.034189	-0.023103	-0.014472	-0.011456	-0.020123	-0.019682	-0.020647	-0.035835	-0.0012279	0.0012875	-0.0061751	-0.0079632
-0.011825	-0.0063658	-0.0064017	0.0014066	-0.015879	-0.01812	-0.017548	-0.012636	-0.016689	-0.024545	-0.0081538	-0.019622	-0.040567	-0.041163	-0.010192	-0.0078084	-0.0078917	0.0003933
-0.0089648	-0.012207	-0.0035405	0.0016212	-0.02836	-0.026679	-0.039435	-0.022078	-0.02203	-0.014377	-0.022102	-0.027859	-0.03562	-0.032056	-0.015438	-0.0087976	-0.0055433	-0.0054358
-0.0051499	-0.014448	-0.0036597	-0.012958	-0.014842	-0.018382	-0.024724	-0.016856	-0.017357	-0.013781	-0.010824	-0.016761	-0.039125	-0.043965	-0.021648	-0.013054	-0.018549	0.0002862
-0.011182	-0.010943	-0.0023484	-0.0071407	-0.034189	-0.022674	-0.042463	-0.023175	-0.019598	-0.025654	-0.0093817	-0.017965	-0.029743	-0.03556	-0.018275	-0.013173	-0.0055196	-0.0037909
-0.011277	-0.0058651	-0.0057698	-0.0031831	-0.019908	-0.014734	-0.031352	-0.024963	-0.020934	-0.018585	-0.021041	-0.024605	-0.031531	-0.031495	-0.0003695	-0.0051497	-0.0005245	0.0070931
0.0025034	-0.015402	-0.001979	-0.0066638	-0.018609	-0.023699	-0.029588	-0.030518	-0.0099659	-0.015604	-0.017524	-0.027108	-0.0332	-0.042629	-0.015021	-0.011635	-0.011015	-0.0051499
-0.010157	-0.0016928	-0.010788	0.0012279	-0.015569	-0.023604	-0.030899	-0.018406	-0.012064	-0.014591	-0.018787	-0.022805	-0.034678	-0.040198	-0.021565	-0.013256	-0.0089885	0.0010251
-0.00484	-0.013542	-0.0074505	-0.010932	-0.015342	-0.019527	-0.030351	-0.026441	-0.0086545	-0.011384	-0.016284	-0.026834	-0.0381	-0.045932	-0.01241	-0.009656	-0.0019788	-0.0002145
-0.0003576	-0.0034333	-0.010169	-0.0033378	-0.01657	-0.011921	-0.026393	-0.015307	-0.0088693	-0.0068666	-0.018406	-0.013161	-0.035763	-0.038636	-0.018191	-0.010002	-0.012994	-0.0058414
-0.013518	-0.011659	-0.0095369	-0.0082136	-0.013554	-0.017119	-0.048995	-0.035906	-0.0096322	-0.017584	-0.029326	-0.025952	-0.039649	-0.044501	-0.015008	-0.013113	-0.0051142	-0.001204
-0.006652	-0.0095844	0.0026345	-0.011718	-0.017047	-0.03047	-0.023937	-0.015903	-0.022531	-0.014532	-0.020575	-0.027418	-0.022852	-0.042367	-0.011587	-0.0094891	0.0023364	-0.0051855
-0.0030757	-0.004101	-0.0076533	-0.0067352	-0.0090123	-0.017166	-0.027847	-0.038147	-0.025201	-0.016987	-0.022924	-0.019515	-0.038123	-0.040364	-0.011766	-0.0012041	-0.0051977	-0.0074866
-0.0079155	-0.0044109	-0.0090123	-0.012421	-0.025916	-0.022841	-0.021362	-0.028563	-0.016379	-0.0097274	-0.017166	-0.023544	-0.040948	-0.041425	-0.014591	-0.0046732	-0.0092506	0.0021099
-0.0032902	-0.0089884	-0.0013829	0.0009178	-0.0087502	-0.02389	-0.021577	-0.018907	-0.017023	-0.022256	-0.010324	-0.01694	-0.031579	-0.042189	-0.0023486	-0.0093101	-0.000119	-0.0045418
-0.0016453	-0.0050068	-0.0092865	-0.0040175	-0.015199	-0.012088	-0.018645	-0.018478	-0.021887	-0.018776	-0.0099062	-0.020349	-0.032592	-0.044978	-0.015914	-0.0098706	-0.0061034	0.0022172
-0.007677	-0.0015973	-0.005293	-0.013578	-0.029707	-0.027824	-0.024176	-0.0097037	-0.0086787	-0.016833	-0.023151	-0.022829	-0.037694	-0.04462	-0.010824	-0.00844	-0.0037312	-0.0074387
-0.014854	-0.0027179	-0.0090837	-0.0050782	-0.0193	-0.021458	-0.017143	-0.0283	-0.0066043	-0.014949	-0.01632	-0.017619	-0.034571	-0.039697	-0.01061	-0.0007271	0.0007151	-0.0047206
-0.0097275	-0.0067474	-0.0054002	-0.006342	-0.02321	-0.023508	-0.0211	-0.0093937	-0.010848	-0.021649	-0.027335	-0.024009	-0.044465	-0.049913	-0.013411	-0.013602	-0.012136	-0.0069023
-0.0059844	-0.0092508	-0.0076175	-0.014448	-0.011504	-0.016022	-0.023961	-0.020432	-0.021672	-0.014281	-0.015223	-0.016189	-0.032795	-0.032628	-0.012565	-0.0084162	-0.0014662	-0.0034572
-0.0053169	-0.0091315	-0.0004887	-0.0045658	-0.008297	-0.022435	-0.019407	-0.012469	-0.0070335	-0.0088812	-0.013471	-0.015175	-0.023484	-0.047887	-0.0037074	-0.0021935	-0.0007509	-0.01241
-0.010967	-0.0066995	-0.004244	-0.016129	-0.022674	-0.01204	-0.035286	-0.027895	-0.016618	-0.010884	-0.017405	-0.02048	-0.028205	-0.039792	-0.015604	-0.0025511	-0.010514	-0.0065209
-0.0057937	-0.0081063	-0.0096321	-0.0041843	-0.016499	-0.026441	-0.029016	-0.022817	-0.02594	-0.011599	-0.016165	-0.016034	-0.033569	-0.054419	-0.0050782	-0.013745	-0.015438	-0.0071882
-0.0067233	-0.0095131	-0.0069976	-0.0077843	-0.022304	-0.023913	-0.027299	-0.03326	-0.02656	-0.025952	-0.016296	-0.021017	-0.033248	-0.053835	-0.0072956	-0.001371	-0.0061395	-0.011373
-0.0068188	-0.0001907	-0.0074269	-0.00906	-0.034321	-0.025797	-0.020766	-0.020027	-0.0088693	-0.010025	-0.012815	-0.010574	-0.033653	-0.055111	-0.0034334	-0.0087856	-0.0091194	-0.0058056
-0.0071765	-0.016069	-0.0052689	-0.0085117	-0.025034	-0.022388	-0.025225	-0.0085115	-0.017214	-0.016725	-0.021887	-0.017619	-0.037587	-0.040424	-0.007379	-0.013578	0.0001432	-0.016642
-0.0018836	-0.0060082	-0.00664	-0.0014185	-0.028062	-0.016761	-0.022745	-0.012112	-0.0091316	-0.012613	-0.01849	-0.022006	-0.033712	-0.039661	-0.0099658	-0.009787	-0.015545	-0.01775
0.0054835	0.0019551	-0.0045178	-0.017297	-0.028396	-0.012207	-0.027061	-0.022888	-0.017381	-0.012863	-0.0056389	-0.015688	-0.030804	-0.042856	-0.0072361	-0.015163	-0.0099539	-0.0086784
-0.011039	-0.011516	-0.0064373	-0.0079632	-0.013423	-0.018907	-0.0087978	-0.0065566	-0.017595	-0.019896	-0.02954	-0.027192	-0.037146	-0.043619	-0.010109	-0.0067472	-0.011265	-0.011301
-0.0015497	-0.0031948	-0.0073909	-0.013423	-0.013351	-0.0090599	-0.030971	-0.017452	-0.021672	-0.01725	-0.011218	-0.018728	-0.027311	-0.047517	-0.0095727	-0.0006439	-0.018394	-0.015748
-0.011015	-0.0024319	-0.0079632	-0.010967	-0.017929	-0.018692	-0.018167	-0.026465	-0.021529	-0.020111	-0.023043	-0.022447	-0.034249	-0.038934	0.0025273	-0.0037553	-0.01117	-0.012052
-0.0029326	-0.014663	-0.0072122	-0.0088097	-0.012469	-0.014091	-0.015044	-0.013256	-0.0071764	-0.015509	-0.011671	-0.012672	-0.033152	-0.050628	-0.015378	-0.0043989	-0.0089648	-0.0088335
0.0011921	-0.0028611	-0.0084997	-0.0082136	-0.017369	-0.020886	-0.033999	-0.028825	-0.018001	-0.01148	-0.020743	-0.020623	-0.023687	-0.043345	-0.025952	-0.0053287	-0.015342	-0.013065
-0.004387	-0.0091076	-0.0023365	-0.0056266	-0.012767	-0.022602	-0.033188	-0.025058	-0.01061	-0.01241	-0.026095	-0.025904	-0.032568	-0.039912	-0.014997	-0.0038265	-0.0075698	-0.0088573
0.0012158	-0.01204	-0.0030041	-0.014925	-0.02873	-0.039005	-0.038409	-0.025773	-0.017572	-0.013125	-0.013077	-0.025034	-0.039196	-0.045383	-0.0069141	-0.01607	-0.013256	-0.0096202
-0.005746	-0.0068427	-0.011695	-0.0087141	-0.026357	-0.019646	-0.028563	-0.023127	-0.0067236	-0.011802	-0.024808	-0.022388	-0.026893	-0.039065	-0.0035643	0.0013829	-0.0087738	-0.0059605
-0.0031234	-0.0064851	-0.0066161	-0.0040769	-0.014806	-0.017953	-0.024223	-0.018764	-0.016618	-0.015712	-0.0098825	-0.020313	-0.0283	-0.04853	-0.012994	-0.0013471	-0.0015021	-0.0033378
-0.0042917	-0.0035286	-0.0082136	-0.0076056	-0.011134	-0.016284	-0.028348	-0.014043	-0.011134	-0.0049828	-0.013077	-0.0095128	-0.032389	-0.039601	-0.011206	-0.0050663	-0.011122	-0.009382
-0.0069618	-0.0061512	-0.0060559	-0.0036716	-0.026584	-0.014567	-0.032282	-0.033212	-0.013948	-0.011194	-0.0080228	-0.01601	-0.025904	-0.03016	-0.0031353	-0.0097634	-0.01992	-0.0072957
-0.00875	-0.0037908	-0.0051736	-0.0095842	-0.017333	-0.016737	-0.028825	-0.02203	-0.015259	-0.0080346	-0.016844	-0.015557	-0.033832	-0.051391	-0.0098348	7.15e-05	0.0008106	-0.0034331
0.0003337	-0.0011682	-0.0066877	0.0039934	-0.021338	-0.016856	-0.046301	-0.034619	-0.0093698	-0.015474	-0.018144	-0.025702	-0.027549	-0.047875	-0.0091316	-0.010193	-0.010884	-0.0043155
0.0076057	-0.0081778	-0.0059961	-0.011229	-0.014377	-0.024247	-0.029326	-0.024795	-0.01657	-0.011051	-0.015187	-0.024128	-0.028944	-0.036025	-0.0064849	-0.0095606	-0.0079752	-0.0089169
-0.013113	-0.0002623	-0.0007511	-0.013769	-0.01049	-0.0041486	-0.023532	-0.027347	-0.016236	-0.011218	-0.01719	-0.024021	-0.034595	-0.04853	-0.010371	-0.0061035	-0.0042915	-0.0090242
0.0056266	-0.0052215	-0.010324	-0.010443	-0.013089	-0.025582	-0.013971	-0.015593	-0.021625	-0.020051	-0.024212	-0.031853	-0.034011	-0.038958	-0.013936	-0.003767	-0.0081899	-0.0084281
-0.011301	-0.0041246	-0.0020027	-0.0056266	-0.024796	-0.033164	-0.029945	-0.024343	-0.00875	-0.0085833	-0.01334	-0.01334	-0.032437	-0.044024	-0.0096679	0.0003098	0.006807	0.001061
-0.0078918	-0.0092984	-0.0001788	0.0040413	-0.0072122	-0.016403	-0.023127	-0.019312	-0.017762	-0.014389	-0.010026	-0.023043	-0.038707	-0.043989	-0.005412	-0.0065923	-0.012171	-0.000143
-0.012565	-0.0059129	0.0003934	-0.007999	-0.018358	-0.015521	-0.029516	-0.02029	-0.018215	-0.016177	-0.011504	-0.014412	-0.043845	-0.042022	-0.004065	-0.0053884	-0.0083805	0.0015021
-0.011754	-0.0095367	-0.0048757	-0.0084402	-0.029075	-0.025082	-0.034595	-0.028777	-0.019097	-0.01148	-0.0157	-0.011325	-0.03897	-0.042129	-0.0095607	-0.0025512	-0.0039099	-0.011099
-0.016475	-0.0076533	-0.0054598	-0.0080824	-0.030184	-0.026703	-0.037766	-0.023675	-0.0064613	-0.0085355	-0.0121	-0.012648	-0.032366	-0.045538	-0.010884	-0.0021698	-0.0039339	0.002253
-0.0047446	-0.011706	-0.0072239	-0.0067593	-0.014246	-0.01483	-0.02861	-0.017762	-0.016546	-0.014365	-0.017524	-0.021839	-0.027001	-0.028241	-0.0005604	-0.0021458	0.0021695	-0.000143
-0.010157	-0.0057937	-0.0039937	-0.0021577	-0.00937	-0.035858	-0.026536	-0.024772	-0.010371	-0.010741	-0.027728	-0.01936	-0.041378	-0.039506	-0.0090598	-0.012267	-0.012767	-0.004101
-0.0055074	-0.003934	0.0058888	-0.0024798	-0.026322	-0.024772	-0.042558	-0.029397	-0.016809	-0.017536	-0.017226	-0.014007	-0.032056	-0.034738	-0.020611	0.0051379	-0.0038385	0.0072122
-0.0081063	-0.0072479	-0.0051142	-0.002849	-0.030398	-0.020504	-0.020886	-0.022769	-0.01607	-0.011635	-0.0091315	-0.013185	-0.032974	-0.031543	-0.0093105	-0.00906	-0.0072956	0.0016571
-0.011778	-0.0036716	-0.016057	-0.010383	-0.012195	-0.028658	-0.020314	-0.030065	-0.016213	-0.015402	-0.022936	-0.020802	-0.027239	-0.047159	-0.0014185	0.0052692	-0.00453	0.0021698
-0.012183	-0.0051261	-0.0032425	-0.015271	-0.022912	-0.024009	-0.022245	-0.029445	-0.010514	-0.011313	-0.019896	-0.019479	-0.046301	-0.048411	-0.010371	-0.0027181	-0.0095964	-0.0038625
-0.0020503	-0.0056505	-0.013733	-0.007713	-0.012779	-0.019574	-0.023079	-0.023723	-0.02482	-0.016105	-0.012255	-0.016332	-0.030697	-0.040829	-0.0043394	-0.011373	-0.0073075	-0.018179
-0.0063418	-0.010848	-0.0063658	-0.00664	-0.009644	-0.025535	-0.032544	-0.025916	-0.014496	-0.012219	-0.016618	-0.020492	-0.033713	-0.048387	-0.0083804	-0.0074506	-0.011611	0.0020266
0.0072241	-0.0078201	-0.0064969	-8.33e-05	-0.022817	-0.016523	-0.043822	-0.026727	-0.015688	-0.011015	-0.023258	-0.018537	-0.037146	-0.048256	-0.014901	-0.0072956	-0.015509	-0.015617
-0.0079394	-0.0026227	-0.007546	-0.0056148	-0.01682	-0.025058	-0.022459	-0.017572	-0.024724	-0.016201	-0.012064	-0.021696	-0.03779	-0.035191	-0.011992	-0.0094176	-0.000453	-0.0017167
-0.010657	-0.0034333	-0.0048638	-0.0083923	-0.018561	-0.042034	-0.029373	-0.02532	-0.012255	-0.011516	-0.013912	-0.020576	-0.045777	-0.040973	-0.001991	-0.013101	-0.0072599	-0.011873
0.0053882	-0.009966	-0.010967	-0.0032066	-0.024307	-0.020266	-0.024772	-0.019693	-0.017428	-0.015116	-0.025487	-0.028432	-0.034833	-0.045598	-0.019026	-0.015342	-0.013721	-0.013924
-0.0011682	-0.00453	-0.0089647	-0.00993	-0.024748	-0.019765	-0.027967	-0.026607	-0.013209	-0.014651	-0.017798	-0.0092746	-0.037003	-0.049782	-0.0094176	-0.0067592	0.0026822	-0.011217
-0.0077963	-0.010514	-0.0021099	-0.014841	-0.019014	-0.030518	-0.027538	-0.016141	-0.013542	-0.014317	-0.015915	-0.024545	-0.03221	-0.03171	-0.0017524	-0.0085116	-0.0007629	-0.0077607
-0.0068427	-0.0062944	-0.0076532	-0.0051379	-0.024748	-0.015378	-0.019026	-0.022936	-0.0005244	5.97e-05	-0.024533	-0.028932	-0.050116	-0.045872	-0.0083924	-0.01787	-0.013292	0.0005007
-0.0058889	-0.00813	-0.0037073	-0.013757	-0.032747	-0.018907	-0.034666	-0.033522	-0.01483	-0.014913	-0.024474	-0.035489	-0.03661	-0.043023	-0.0049114	-0.0073195	-0.0040888	-0.0065325
-0.0043632	-0.010467	-0.0033974	-0.008595	-0.017381	-0.014997	-0.02408	-0.021243	-0.01514	-0.02408	-0.0029802	-0.018656	-0.038874	-0.052262	-0.0099064	-0.01322	0.0048996	-0.013447
-0.011564	-0.012922	-0.0005723	-0.012827	-0.023401	-0.014329	-0.031734	-0.021887	-0.013042	-0.012875	-0.014532	-0.018585	-0.036073	-0.037039	-0.0082851	-0.0064016	-0.0061036	-0.0055909
-0.0020265	-0.0033616	-0.0056506	0.0010372	-0.0077009	-0.0086545	-0.025654	-0.010562	-0.0103	-0.021088	-0.021219	-0.021684	-0.023294	-0.038743	-0.0081541	-0.0097752	-0.0096918	-0.0054122
0.0069143	-0.0028132	-0.0077844	-0.013089	-0.016916	-0.024295	-0.012875	-0.0054597	-0.01781	-0.01092	-0.024224	-0.024545	-0.031877	-0.046313	-0.0035404	-0.0062346	-0.0098466	-0.0005126
-0.0027656	-0.0086546	-0.010598	-0.0061513	-0.018764	-0.023866	-0.022674	-0.011229	-0.011754	-0.0088215	-0.027144	-0.0278	-0.035429	-0.038338	-0.0030279	-0.0095964	-0.004232	-0.012302
-0.0025035	-0.017143	-0.0083089	-0.0075341	-0.018454	-0.021624	-0.019693	-0.013256	-0.0206	-0.018013	-0.012791	-0.015545	-0.028634	-0.05039	-0.019336	-0.013411	-0.0091673	0.0079634
-0.013328	-0.0049115	-0.0060917	-0.0093937	-0.0139	-0.014305	-0.031662	-0.026465	-0.010753	-0.0075461	-0.016844	-0.023902	-0.028849	-0.041843	-0.0095368	-0.0039101	-0.0084757	-0.0002027
-0.011993	-0.0075818	-0.0049115	-0.013542	-0.017142	-0.012994	-0.027013	-0.032902	-0.016785	-0.016511	-0.0157	-0.014925	-0.04685	-0.029683	-0.010502	-0.0050187	-0.0040173	0.0010253
-0.01936	-0.011373	-0.0096681	-0.007999	-0.025261	-0.01967	-0.019383	-0.018454	-0.0037432	-0.0018359	-0.019002	-0.02563	-0.037301	-0.043512	-0.007999	-0.018013	-0.010633	-0.010538
-0.0056028	-0.0054359	-0.010193	-0.0034331	-0.014293	-0.024915	-0.016952	-0.015807	-0.0013351	-0.0026346	-0.018895	-0.023305	-0.02023	-0.042033	-0.017965	-0.01632	0.0046015	-0.017154
-0.0084163	-0.0050069	-0.005269	-0.0097276	-0.027979	-0.016928	-0.028873	-0.018287	-0.019932	-0.012112	-0.018621	-0.022924	-0.024331	-0.051892	-0.0010847	-0.0061155	-0.0060558	-0.012171
-0.0002861	-0.0017166	-0.0048996	-0.0023366	-0.016761	-0.03233	-0.024414	-0.023866	-0.014591	-0.015128	-0.01508	-0.023758	-0.035179	-0.043345	-0.011993	-0.0075936	-0.012875	-0.0051619
-0.0027418	-0.0062464	-0.0091671	-0.0029922	-0.0098468	-0.032664	-0.031805	-0.018978	-0.011945	-0.012374	-0.017977	-0.023937	-0.039125	-0.043166	0.0023126	-0.0033141	-0.01415	-0.0022293
-0.010347	-0.0071051	-0.0037312	-0.0082613	-0.0091197	-0.018931	-0.013614	-0.021982	-0.012374	-0.018442	-0.011933	-0.017417	-0.037646	-0.046528	-0.0045658	-0.0018835	0.0031233	-0.005257
-0.0063896	0.0006675	-0.0051738	-0.0039339	-0.010824	-0.021911	-0.029469	-0.022173	-0.011301	-0.012922	-0.011849	-0.014866	-0.036204	-0.039125	-0.012183	-0.017798	-0.0073076	0.0010134
0.010896	-0.0073672	-0.0031472	0.0047087	-0.017274	-0.018525	-0.025582	-0.01955	-0.0070334	-0.020671	-0.011218	-0.021994	-0.044334	-0.037551	-0.0084997	-0.0085592	-0.0098705	0.0046373
-0.0025035	-0.003147	-0.0012994	-0.0021338	-0.0071407	-0.014377	-0.021982	-0.014329	0.0036002	-0.0050069	-0.019741	-0.019848	-0.025559	-0.042784	0.0014544	-0.0028373	-0.0032664	-0.0015259
-0.005746	7.16e-05	0.0051499	-0.005591	-0.0005483	-0.0052692	-0.010538	-0.0069618	-0.0069856	-0.011373	-0.020194	-0.025916	-0.023449	-0.038493	-0.0058412	-0.000453	0.0053407	0.0018478
0.014234	0.0066283	0.0053407	-0.0060797	-0.011563	-0.0025034	-0.017929	-0.0056744	-0.010252	-0.011277	-0.005889	-0.0028491	-0.020349	-0.039005	-0.0077247	0.0022651	-0.0030755	0.0088811
0.020218	-0.0029803	0.0013113	0.0072718	-0.001967	-0.0061513	0.0016925	-0.0064376	-0.0046969	0.0001431	-0.010467	-0.015259	-0.018156	-0.041545	-0.006652	-0.0014781	-0.0062228	-0.0003219
0.013042	0.014901	0.0078679	0.0032425	-0.010193	0.0080348	0.0031709	0.010109	-0.0048876	-0.0025392	-0.0046492	-0.011051	-0.021041	-0.033438	-0.0006915	0.015748	-0.0002862	0.0087619
0.02408	0.0095129	0.0097035	0.014687	0.014508	0.019836	0.011969	0.013947	0.011086	0.0028014	0.0060678	-0.0093342	-0.0091314	-0.031972	0.010347	0.0095963	-0.0047683	0.0084282
0.029945	0.012994	0.016332	0.0091672	0.024367	0.027585	0.020242	0.01328	0.0070334	0.010789	-0.0031472	-0.0041961	-0.0007391	-0.029612	0.011587	0.014579	0.010979	-0.0055193
0.040508	0.028253	0.016535	0.013757	0.028515	0.011659	0.029087	0.027967	0.0097038	0.01049	0.005293	0.002551	-0.016475	-0.027383	0.010776	0.014436	0.011599	0.0093698
0.057984	0.023341	0.0083684	0.020969	0.036145	0.031114	0.016618	0.020957	0.021458	0.016952	0.010598	0.018692	-0.0052572	-0.02271	0.019515	0.014031	-0.0023961	0.0047206
0.054622	0.0247	0.012887	0.012136	0.032175	0.028324	0.038863	0.021839	0.0098468	0.006616	0.0072958	0.0016213	-0.0071765	-0.019849	0.01452	0.0022769	0.0062823	0.0054716
