0	0	0	0	0	0	0	0	0	0	0	0	0	0	0	0
0.066667	0.066667	0.066667	0.066667	0.066667	0.066667	0.066667	0.066667	0.066667	0.066667	0.066667	0.066667	0.066667	0.066667	0.066667	0.066667
0.13333	0.13333	0.13333	0.13333	0.13333	0.13333	0.13333	0.13333	0.13333	0.13333	0.13333	0.13333	0.13333	0.13333	0.13333	0.13333
0.2	0.2	0.2	0.2	0.2	0.2	0.2	0.2	0.2	0.2	0.2	0.2	0.2	0.2	0.2	0.2
0.26667	0.26667	0.26667	0.26667	0.26667	0.26667	0.26667	0.26667	0.26667	0.26667	0.26667	0.26667	0.26667	0.26667	0.26667	0.26667
0.33333	0.33333	0.33333	0.33333	0.33333	0.33333	0.33333	0.33333	0.33333	0.33333	0.33333	0.33333	0.33333	0.33333	0.33333	0.33333
0.4	0.4	0.4	0.4	0.4	0.4	0.4	0.4	0.4	0.4	0.4	0.4	0.4	0.4	0.4	0.4
0.46667	0.46667	0.46667	0.46667	0.46667	0.46667	0.46667	0.46667	0.46667	0.46667	0.46667	0.46667	0.46667	0.46667	0.46667	0.46667
0.53333	0.53333	0.53333	0.53333	0.53333	0.53333	0.53333	0.53333	0.53333	0.53333	0.53333	0.53333	0.53333	0.53333	0.53333	0.53333
0.6	0.6	0.6	0.6	0.6	0.6	0.6	0.6	0.6	0.6	0.6	0.6	0.6	0.6	0.6	0.6
0.66667	0.66667	0.66667	0.66667	0.66667	0.66667	0.66667	0.66667	0.66667	0.66667	0.66667	0.66667	0.66667	0.66667	0.66667	0.66667
0.73333	0.73333	0.73333	0.73333	0.73333	0.73333	0.73333	0.73333	0.73333	0.73333	0.73333	0.73333	0.73333	0.73333	0.73333	0.73333
0.8	0.8	0.8	0.8	0.8	0.8	0.8	0.8	0.8	0.8	0.8	0.8	0.8	0.8	0.8	0.8
0.86667	0.86667	0.86667	0.86667	0.86667	0.86667	0.86667	0.86667	0.86667	0.86667	0.86667	0.86667	0.86667	0.86667	0.86667	0.86667
0.93333	0.93333	0.93333	0.93333	0.93333	0.93333	0.93333	0.93333	0.93333	0.93333	0.93333	0.93333	0.93333	0.93333	0.93333	0.93333
1	1	1	1	1	1	1	1	1	1	1	1	1	1	1	1
1.0667	1.0667	1.0667	1.0667	1.0667	1.0667	1.0667	1.0667	1.0667	1.0667	1.0667	1.0667	1.0667	1.0667	1.0667	1.0667
1.1333	1.1333	1.1333	1.1333	1.1333	1.1333	1.1333	1.1333	1.1333	1.1333	1.1333	1.1333	1.1333	1.1333	1.1333	1.1333
1.2	1.2	1.2	1.2	1.2	1.2	1.2	1.2	1.2	1.2	1.2	1.2	1.2	1.2	1.2	1.2
1.2667	1.2667	1.2667	1.2667	1.2667	1.2667	1.2667	1.2667	1.2667	1.2667	1.2667	1.2667	1.2667	1.2667	1.2667	1.2667
1.3333	1.3333	1.3333	1.3333	1.3333	1.3333	1.3333	1.3333	1.3333	1.3333	1.3333	1.3333	1.3333	1.3333	1.3333	1.3333
1.4	1.4	1.4	1.4	1.4	1.4	1.4	1.4	1.4	1.4	1.4	1.4	1.4	1.4	1.4	1.4
1.4667	1.4667	1.4667	1.4667	1.4667	1.4667	1.4667	1.4667	1.4667	1.4667	1.4667	1.4667	1.4667	1.4667	1.4667	1.4667
1.5333	1.5333	1.5333	1.5333	1.5333	1.5333	1.5333	1.5333	1.5333	1.5333	1.5333	1.5333	1.5333	1.5333	1.5333	1.5333
1.6	1.6	1.6	1.6	1.6	1.6	1.6	1.6	1.6	1.6	1.6	1.6	1.6	1.6	1.6	1.6
1.6667	1.6667	1.6667	1.6667	1.6667	1.6667	1.6667	1.6667	1.6667	1.6667	1.6667	1.6667	1.6667	1.6667	1.6667	1.6667
1.7333	1.7333	1.7333	1.7333	1.7333	1.7333	1.7333	1.7333	1.7333	1.7333	1.7333	1.7333	1.7333	1.7333	1.7333	1.7333
1.8	1.8	1.8	1.8	1.8	1.8	1.8	1.8	1.8	1.8	1.8	1.8	1.8	1.8	1.8	1.8
1.8667	1.8667	1.8667	1.8667	1.8667	1.8667	1.8667	1.8667	1.8667	1.8667	1.8667	1.8667	1.8667	1.8667	1.8667	1.8667
1.9333	1.9333	1.9333	1.9333	1.9333	1.9333	1.9333	1.9333	1.9333	1.9333	1.9333	1.9333	1.9333	1.9333	1.9333	1.9333
2	2	2	2	2	2	2	2	2	2	2	2	2	2	2	2
2.0667	2.0667	2.0667	2.0667	2.0667	2.0667	2.0667	2.0667	2.0667	2.0667	2.0667	2.0667	2.0667	2.0667	2.0667	2.0667
2.1333	2.1333	2.1333	2.1333	2.1333	2.1333	2.1333	2.1333	2.1333	2.1333	2.1333	2.1333	2.1333	2.1333	2.1333	2.1333
2.2	2.2	2.2	2.2	2.2	2.2	2.2	2.2	2.2	2.2	2.2	2.2	2.2	2.2	2.2	2.2
2.2667	2.2667	2.2667	2.2667	2.2667	2.2667	2.2667	2.2667	2.2667	2.2667	2.2667	2.2667	2.2667	2.2667	2.2667	2.2667
2.3333	2.3333	2.3333	2.3333	2.3333	2.3333	2.3333	2.3333	2.3333	2.3333	2.3333	2.3333	2.3333	2.3333	2.3333	2.3333
2.4	2.4	2.4	2.4	2.4	2.4	2.4	2.4	2.4	2.4	2.4	2.4	2.4	2.4	2.4	2.4
2.4667	2.4667	2.4667	2.4667	2.4667	2.4667	2.4667	2.4667	2.4667	2.4667	2.4667	2.4667	2.4667	2.4667	2.4667	2.4667
2.5333	2.5333	2.5333	2.5333	2.5333	2.5333	2.5333	2.5333	2.5333	2.5333	2.5333	2.5333	2.5333	2.5333	2.5333	2.5333
2.6	2.6	2.6	2.6	2.6	2.6	2.6	2.6	2.6	2.6	2.6	2.6	2.6	2.6	2.6	2.6
2.6667	2.6667	2.6667	2.6667	2.6667	2.6667	2.6667	2.6667	2.6667	2.6667	2.6667	2.6667	2.6667	2.6667	2.6667	2.6667
2.7333	2.7333	2.7333	2.7333	2.7333	2.7333	2.7333	2.7333	2.7333	2.7333	2.7333	2.7333	2.7333	2.7333	2.7333	2.7333
2.8	2.8	2.8	2.8	2.8	2.8	2.8	2.8	2.8	2.8	2.8	2.8	2.8	2.8	2.8	2.8
2.8667	2.8667	2.8667	2.8667	2.8667	2.8667	2.8667	2.8667	2.8667	2.8667	2.8667	2.8667	2.8667	2.8667	2.8667	2.8667
2.9333	2.9333	2.9333	2.9333	2.9333	2.9333	2.9333	2.9333	2.9333	2.9333	2.9333	2.9333	2.9333	2.9333	2.9333	2.9333
3	3	3	3	3	3	3	3	3	3	3	3	3	3	3	3
3.0667	3.0667	3.0667	3.0667	3.0667	3.0667	3.0667	3.0667	3.0667	3.0667	3.0667	3.0667	3.0667	3.0667	3.0667	3.0667
3.1333	3.1333	3.1333	3.1333	3.1333	3.1333	3.1333	3.1333	3.1333	3.1333	3.1333	3.1333	3.1333	3.1333	3.1333	3.1333
3.2	3.2	3.2	3.2	3.2	3.2	3.2	3.2	3.2	3.2	3.2	3.2	3.2	3.2	3.2	3.2
3.2667	3.2667	3.2667	3.2667	3.2667	3.2667	3.2667	3.2667	3.2667	3.2667	3.2667	3.2667	3.2667	3.2667	3.2667	3.2667
3.3333	3.3333	3.3333	3.3333	3.3333	3.3333	3.3333	3.3333	3.3333	3.3333	3.3333	3.3333	3.3333	3.3333	3.3333	3.3333
3.4	3.4	3.4	3.4	3.4	3.4	3.4	3.4	3.4	3.4	3.4	3.4	3.4	3.4	3.4	3.4
3.4667	3.4667	3.4667	3.4667	3.4667	3.4667	3.4667	3.4667	3.4667	3.4667	3.4667	3.4667	3.4667	3.4667	3.4667	3.4667
3.5333	3.5333	3.5333	3.5333	3.5333	3.5333	3.5333	3.5333	3.5333	3.5333	3.5333	3.5333	3.5333	3.5333	3.5333	3.5333
3.6	3.6	3.6	3.6	3.6	3.6	3.6	3.6	3.6	3.6	3.6	3.6	3.6	3.6	3.6	3.6
3.6667	3.6667	3.6667	3.6667	3.6667	3.6667	3.6667	3.6667	3.6667	3.6667	3.6667	3.6667	3.6667	3.6667	3.6667	3.6667
3.7333	3.7333	3.7333	3.7333	3.7333	3.7333	3.7333	3.7333	3.7333	3.7333	3.7333	3.7333	3.7333	3.7333	3.7333	3.7333
3.8	3.8	3.8	3.8	3.8	3.8	3.8	3.8	3.8	3.8	3.8	3.8	3.8	3.8	3.8	3.8
3.8667	3.8667	3.8667	3.8667	3.8667	3.8667	3.8667	3.8667	3.8667	3.8667	3.8667	3.8667	3.8667	3.8667	3.8667	3.8667
3.9333	3.9333	3.9333	3.9333	3.9333	3.9333	3.9333	3.9333	3.9333	3.9333	3.9333	3.9333	3.9333	3.9333	3.9333	3.9333
4	4	4	4	4	4	4	4	4	4	4	4	4	4	4	4
4.0667	4.0667	4.0667	4.0667	4.0667	4.0667	4.0667	4.0667	4.0667	4.0667	4.0667	4.0667	4.0667	4.0667	4.0667	4.0667
4.1333	4.1333	4.1333	4.1333	4.1333	4.1333	4.1333	4.1333	4.1333	4.1333	4.1333	4.1333	4.1333	4.1333	4.1333	4.1333
4.2	4.2	4.2	4.2	4.2	4.2	4.2	4.2	4.2	4.2	4.2	4.2	4.2	4.2	4.2	4.2
4.2667	4.2667	4.2667	4.2667	4.2667	4.2667	4.2667	4.2667	4.2667	4.2667	4.2667	4.2667	4.2667	4.2667	4.2667	4.2667
4.3333	4.3333	4.3333	4.3333	4.3333	4.3333	4.3333	4.3333	4.3333	4.3333	4.3333	4.3333	4.3333	4.3333	4.3333	4.3333
4.4	4.4	4.4	4.4	4.4	4.4	4.4	4.4	4.4	4.4	4.4	4.4	4.4	4.4	4.4	4.4
4.4667	4.4667	4.4667	4.4667	4.4667	4.4667	4.4667	4.4667	4.4667	4.4667	4.4667	4.4667	4.4667	4.4667	4.4667	4.4667
4.5333	4.5333	4.5333	4.5333	4.5333	4.5333	4.5333	4.5333	4.5333	4.5333	4.5333	4.5333	4.5333	4.5333	4.5333	4.5333
4.6	4.6	4.6	4.6	4.6	4.6	4.6	4.6	4.6	4.6	4.6	4.6	4.6	4.6	4.6	4.6
4.6667	4.6667	4.6667	4.6667	4.6667	4.6667	4.6667	4.6667	4.6667	4.6667	4.6667	4.6667	4.6667	4.6667	4.6667	4.6667
4.7333	4.7333	4.7333	4.7333	4.7333	4.7333	4.7333	4.7333	4.7333	4.7333	4.7333	4.7333	4.7333	4.7333	4.7333	4.7333
4.8	4.8	4.8	4.8	4.8	4.8	4.8	4.8	4.8	4.8	4.8	4.8	4.8	4.8	4.8	4.8
4.8667	4.8667	4.8667	4.8667	4.8667	4.8667	4.8667	4.8667	4.8667	4.8667	4.8667	4.8667	4.8667	4.8667	4.8667	4.8667
4.9333	4.9333	4.9333	4.9333	4.9333	4.9333	4.9333	4.9333	4.9333	4.9333	4.9333	4.9333	4.9333	4.9333	4.9333	4.9333
5	5	5	5	5	5	5	5	5	5	5	5	5	5	5	5
5.0667	5.0667	5.0667	5.0667	5.0667	5.0667	5.0667	5.0667	5.0667	5.0667	5.0667	5.0667	5.0667	5.0667	5.0667	5.0667
5.1333	5.1333	5.1333	5.1333	5.1333	5.1333	5.1333	5.1333	5.1333	5.1333	5.1333	5.1333	5.1333	5.1333	5.1333	5.1333
5.2	5.2	5.2	5.2	5.2	5.2	5.2	5.2	5.2	5.2	5.2	5.2	5.2	5.2	5.2	5.2
5.2667	5.2667	5.2667	5.2667	5.2667	5.2667	5.2667	5.2667	5.2667	5.2667	5.2667	5.2667	5.2667	5.2667	5.2667	5.2667
5.3333	5.3333	5.3333	5.3333	5.3333	5.3333	5.3333	5.3333	5.3333	5.3333	5.3333	5.3333	5.3333	5.3333	5.3333	5.3333
5.4	5.4	5.4	5.4	5.4	5.4	5.4	5.4	5.4	5.4	5.4	5.4	5.4	5.4	5.4	5.4
5.4667	5.4667	5.4667	5.4667	5.4667	5.4667	5.4667	5.4667	5.4667	5.4667	5.4667	5.4667	5.4667	5.4667	5.4667	5.4667
5.5333	5.5333	5.5333	5.5333	5.5333	5.5333	5.5333	5.5333	5.5333	5.5333	5.5333	5.5333	5.5333	5.5333	5.5333	5.5333
5.6	5.6	5.6	5.6	5.6	5.6	5.6	5.6	5.6	5.6	5.6	5.6	5.6	5.6	5.6	5.6
5.6667	5.6667	5.6667	5.6667	5.6667	5.6667	5.6667	5.6667	5.6667	5.6667	5.6667	5.6667	5.6667	5.6667	5.6667	5.6667
5.7333	5.7333	5.7333	5.7333	5.7333	5.7333	5.7333	5.7333	5.7333	5.7333	5.7333	5.7333	5.7333	5.7333	5.7333	5.7333
5.8	5.8	5.8	5.8	5.8	5.8	5.8	5.8	5.8	5.8	5.8	5.8	5.8	5.8	5.8	5.8
5.8667	5.8667	5.8667	5.8667	5.8667	5.8667	5.8667	5.8667	5.8667	5.8667	5.8667	5.8667	5.8667	5.8667	5.8667	5.8667
5.9333	5.9333	5.9333	5.9333	5.9333	5.9333	5.9333	5.9333	5.9333	5.9333	5.9333	5.9333	5.9333	5.9333	5.9333	5.9333
6	6	6	6	6	6	6	6	6	6	6	6	6	6	6	6
6.0667	6.0667	6.0667	6.0667	6.0667	6.0667	6.0667	6.0667	6.0667	6.0667	6.0667	6.0667	6.0667	6.0667	6.0667	6.0667
6.1333	6.1333	6.1333	6.1333	6.1333	6.1333	6.1333	6.1333	6.1333	6.1333	6.1333	6.1333	6.1333	6.1333	6.1333	6.1333
6.2	6.2	6.2	6.2	6.2	6.2	6.2	6.2	6.2	6.2	6.2	6.2	6.2	6.2	6.2	6.2
6.2667	6.2667	6.2667	6.2667	6.2667	6.2667	6.2667	6.2667	6.2667	6.2667	6.2667	6.2667	6.2667	6.2667	6.2667	6.2667
6.3333	6.3333	6.3333	6.3333	6.3333	6.3333	6.3333	6.3333	6.3333	6.3333	6.3333	6.3333	6.3333	6.3333	6.3333	6.3333
6.4	6.4	6.4	6.4	6.4	6.4	6.4	6.4	6.4	6.4	6.4	6.4	6.4	6.4	6.4	6.4
6.4667	6.4667	6.4667	6.4667	6.4667	6.4667	6.4667	6.4667	6.4667	6.4667	6.4667	6.4667	6.4667	6.4667	6.4667	6.4667
6.5333	6.5333	6.5333	6.5333	6.5333	6.5333	6.5333	6.5333	6.5333	6.5333	6.5333	6.5333	6.5333	6.5333	6.5333	6.5333
6.6	6.6	6.6	6.6	6.6	6.6	6.6	6.6	6.6	6.6	6.6	6.6	6.6	6.6	6.6	6.6
6.6667	6.6667	6.6667	6.6667	6.6667	6.6667	6.6667	6.6667	6.6667	6.6667	6.6667	6.6667	6.6667	6.6667	6.6667	6.6667
6.7333	6.7333	6.7333	6.7333	6.7333	6.7333	6.7333	6.7333	6.7333	6.7333	6.7333	6.7333	6.7333	6.7333	6.7333	6.7333
6.8	6.8	6.8	6.8	6.8	6.8	6.8	6.8	6.8	6.8	6.8	6.8	6.8	6.8	6.8	6.8
6.8667	6.8667	6.8667	6.8667	6.8667	6.8667	6.8667	6.8667	6.8667	6.8667	6.8667	6.8667	6.8667	6.8667	6.8667	6.8667
6.9333	6.9333	6.9333	6.9333	6.9333	6.9333	6.9333	6.9333	6.9333	6.9333	6.9333	6.9333	6.9333	6.9333	6.9333	6.9333
7	7	7	7	7	7	7	7	7	7	7	7	7	7	7	7
7.0667	7.0667	7.0667	7.0667	7.0667	7.0667	7.0667	7.0667	7.0667	7.0667	7.0667	7.0667	7.0667	7.0667	7.0667	7.0667
7.1333	7.1333	7.1333	7.1333	7.1333	7.1333	7.1333	7.1333	7.1333	7.1333	7.1333	7.1333	7.1333	7.1333	7.1333	7.1333
7.2	7.2	7.2	7.2	7.2	7.2	7.2	7.2	7.2	7.2	7.2	7.2	7.2	7.2	7.2	7.2
7.2667	7.2667	7.2667	7.2667	7.2667	7.2667	7.2667	7.2667	7.2667	7.2667	7.2667	7.2667	7.2667	7.2667	7.2667	7.2667
7.3333	7.3333	7.3333	7.3333	7.3333	7.3333	7.3333	7.3333	7.3333	7.3333	7.3333	7.3333	7.3333	7.3333	7.3333	7.3333
7.4	7.4	7.4	7.4	7.4	7.4	7.4	7.4	7.4	7.4	7.4	7.4	7.4	7.4	7.4	7.4
7.4667	7.4667	7.4667	7.4667	7.4667	7.4667	7.4667	7.4667	7.4667	7.4667	7.4667	7.4667	7.4667	7.4667	7.4667	7.4667
7.5333	7.5333	7.5333	7.5333	7.5333	7.5333	7.5333	7.5333	7.5333	7.5333	7.5333	7.5333	7.5333	7.5333	7.5333	7.5333
7.6	7.6	7.6	7.6	7.6	7.6	7.6	7.6	7.6	7.6	7.6	7.6	7.6	7.6	7.6	7.6
7.6667	7.6667	7.6667	7.6667	7.6667	7.6667	7.6667	7.6667	7.6667	7.6667	7.6667	7.6667	7.6667	7.6667	7.6667	7.6667
7.7333	7.7333	7.7333	7.7333	7.7333	7.7333	7.7333	7.7333	7.7333	7.7333	7.7333	7.7333	7.7333	7.7333	7.7333	7.7333
7.8	7.8	7.8	7.8	7.8	7.8	7.8	7.8	7.8	7.8	7.8	7.8	7.8	7.8	7.8	7.8
7.8667	7.8667	7.8667	7.8667	7.8667	7.8667	7.8667	7.8667	7.8667	7.8667	7.8667	7.8667	7.8667	7.8667	7.8667	7.8667
7.9333	7.9333	7.9333	7.9333	7.9333	7.9333	7.9333	7.9333	7.9333	7.9333	7.9333	7.9333	7.9333	7.9333	7.9333	7.9333
8	8	8	8	8	8	8	8	8	8	8	8	8	8	8	8
8.0667	8.0667	8.0667	8.0667	8.0667	8.0667	8.0667	8.0667	8.0667	8.0667	8.0667	8.0667	8.0667	8.0667	8.0667	8.0667
8.1333	8.1333	8.1333	8.1333	8.1333	8.1333	8.1333	8.1333	8.1333	8.1333	8.1333	8.1333	8.1333	8.1333	8.1333	8.1333
8.2	8.2	8.2	8.2	8.2	8.2	8.2	8.2	8.2	8.2	8.2	8.2	8.2	8.2	8.2	8.2
8.2667	8.2667	8.2667	8.2667	8.2667	8.2667	8.2667	8.2667	8.2667	8.2667	8.2667	8.2667	8.2667	8.2667	8.2667	8.2667
8.3333	8.3333	8.3333	8.3333	8.3333	8.3333	8.3333	8.3333	8.3333	8.3333	8.3333	8.3333	8.3333	8.3333	8.3333	8.3333
8.4	8.4	8.4	8.4	8.4	8.4	8.4	8.4	8.4	8.4	8.4	8.4	8.4	8.4	8.4	8.4
8.4667	8.4667	8.4667	8.4667	8.4667	8.4667	8.4667	8.4667	8.4667	8.4667	8.4667	8.4667	8.4667	8.4667	8.4667	8.4667
8.5333	8.5333	8.5333	8.5333	8.5333	8.5333	8.5333	8.5333	8.5333	8.5333	8.5333	8.5333	8.5333	8.5333	8.5333	8.5333
8.6	8.6	8.6	8.6	8.6	8.6	8.6	8.6	8.6	8.6	8.6	8.6	8.6	8.6	8.6	8.6
8.6667	8.6667	8.6667	8.6667	8.6667	8.6667	8.6667	8.6667	8.6667	8.6667	8.6667	8.6667	8.6667	8.6667	8.6667	8.6667
8.7333	8.7333	8.7333	8.7333	8.7333	8.7333	8.7333	8.7333	8.7333	8.7333	8.7333	8.7333	8.7333	8.7333	8.7333	8.7333
8.8	8.8	8.8	8.8	8.8	8.8	8.8	8.8	8.8	8.8	8.8	8.8	8.8	8.8	8.8	8.8
8.8667	8.8667	8.8667	8.8667	8.8667	8.8667	8.8667	8.8667	8.8667	8.8667	8.8667	8.8667	8.8667	8.8667	8.8667	8.8667
8.9333	8.9333	8.9333	8.9333	8.9333	8.9333	8.9333	8.9333	8.9333	8.9333	8.9333	8.9333	8.9333	8.9333	8.9333	8.9333
9	9	9	9	9	9	9	9	9	9	9	9	9	9	9	9
9.0667	9.0667	9.0667	9.0667	9.0667	9.0667	9.0667	9.0667	9.0667	9.0667	9.0667	9.0667	9.0667	9.0667	9.0667	9.0667
9.1333	9.1333	9.1333	9.1333	9.1333	9.1333	9.1333	9.1333	9.1333	9.1333	9.1333	9.1333	9.1333	9.1333	9.1333	9.1333
9.2	9.2	9.2	9.2	9.2	9.2	9.2	9.2	9.2	9.2	9.2	9.2	9.2	9.2	9.2	9.2
9.2667	9.2667	9.2667	9.2667	9.2667	9.2667	9.2667	9.2667	9.2667	9.2667	9.2667	9.2667	9.2667	9.2667	9.2667	9.2667
9.3333	9.3333	9.3333	9.3333	9.3333	9.3333	9.3333	9.3333	9.3333	9.3333	9.3333	9.3333	9.3333	9.3333	9.3333	9.3333
9.4	9.4	9.4	9.4	9.4	9.4	9.4	9.4	9.4	9.4	9.4	9.4	9.4	9.4	9.4	9.4
9.4667	9.4667	9.4667	9.4667	9.4667	9.4667	9.4667	9.4667	9.4667	9.4667	9.4667	9.4667	9.4667	9.4667	9.4667	9.4667
9.5333	9.5333	9.5333	9.5333	9.5333	9.5333	9.5333	9.5333	9.5333	9.5333	9.5333	9.5333	9.5333	9.5333	9.5333	9.5333
9.6	9.6	9.6	9.6	9.6	9.6	9.6	9.6	9.6	9.6	9.6	9.6	9.6	9.6	9.6	9.6
9.6667	9.6667	9.6667	9.6667	9.6667	9.6667	9.6667	9.6667	9.6667	9.6667	9.6667	9.6667	9.6667	9.6667	9.6667	9.6667
9.7333	9.7333	9.7333	9.7333	9.7333	9.7333	9.7333	9.7333	9.7333	9.7333	9.7333	9.7333	9.7333	9.7333	9.7333	9.7333
9.8	9.8	9.8	9.8	9.8	9.8	9.8	9.8	9.8	9.8	9.8	9.8	9.8	9.8	9.8	9.8
9.8667	9.8667	9.8667	9.8667	9.8667	9.8667	9.8667	9.8667	9.8667	9.8667	9.8667	9.8667	9.8667	9.8667	9.8667	9.8667
9.9333	9.9333	9.9333	9.9333	9.9333	9.9333	9.9333	9.9333	9.9333	9.9333	9.9333	9.9333	9.9333	9.9333	9.9333	9.9333
10	10	10	10	10	10	10	10	10	10	10	10	10	10	10	10
10.067	10.067	10.067	10.067	10.067	10.067	10.067	10.067	10.067	10.067	10.067	10.067	10.067	10.067	10.067	10.067
10.133	10.133	10.133	10.133	10.133	10.133	10.133	10.133	10.133	10.133	10.133	10.133	10.133	10.133	10.133	10.133
10.2	10.2	10.2	10.2	10.2	10.2	10.2	10.2	10.2	10.2	10.2	10.2	10.2	10.2	10.2	10.2
10.267	10.267	10.267	10.267	10.267	10.267	10.267	10.267	10.267	10.267	10.267	10.267	10.267	10.267	10.267	10.267
10.333	10.333	10.333	10.333	10.333	10.333	10.333	10.333	10.333	10.333	10.333	10.333	10.333	10.333	10.333	10.333
10.4	10.4	10.4	10.4	10.4	10.4	10.4	10.4	10.4	10.4	10.4	10.4	10.4	10.4	10.4	10.4
10.467	10.467	10.467	10.467	10.467	10.467	10.467	10.467	10.467	10.467	10.467	10.467	10.467	10.467	10.467	10.467
10.533	10.533	10.533	10.533	10.533	10.533	10.533	10.533	10.533	10.533	10.533	10.533	10.533	10.533	10.533	10.533
10.6	10.6	10.6	10.6	10.6	10.6	10.6	10.6	10.6	10.6	10.6	10.6	10.6	10.6	10.6	10.6
10.667	10.667	10.667	10.667	10.667	10.667	10.667	10.667	10.667	10.667	10.667	10.667	10.667	10.667	10.667	10.667
10.733	10.733	10.733	10.733	10.733	10.733	10.733	10.733	10.733	10.733	10.733	10.733	10.733	10.733	10.733	10.733
10.8	10.8	10.8	10.8	10.8	10.8	10.8	10.8	10.8	10.8	10.8	10.8	10.8	10.8	10.8	10.8
10.867	10.867	10.867	10.867	10.867	10.867	10.867	10.867	10.867	10.867	10.867	10.867	10.867	10.867	10.867	10.867
10.933	10.933	10.933	10.933	10.933	10.933	10.933	10.933	10.933	10.933	10.933	10.933	10.933	10.933	10.933	10.933
11	11	11	11	11	11	11	11	11	11	11	11	11	11	11	11
11.067	11.067	11.067	11.067	11.067	11.067	11.067	11.067	11.067	11.067	11.067	11.067	11.067	11.067	11.067	11.067
11.133	11.133	11.133	11.133	11.133	11.133	11.133	11.133	11.133	11.133	11.133	11.133	11.133	11.133	11.133	11.133
11.2	11.2	11.2	11.2	11.2	11.2	11.2	11.2	11.2	11.2	11.2	11.2	11.2	11.2	11.2	11.2
11.267	11.267	11.267	11.267	11.267	11.267	11.267	11.267	11.267	11.267	11.267	11.267	11.267	11.267	11.267	11.267
11.333	11.333	11.333	11.333	11.333	11.333	11.333	11.333	11.333	11.333	11.333	11.333	11.333	11.333	11.333	11.333
11.4	11.4	11.4	11.4	11.4	11.4	11.4	11.4	11.4	11.4	11.4	11.4	11.4	11.4	11.4	11.4
11.467	11.467	11.467	11.467	11.467	11.467	11.467	11.467	11.467	11.467	11.467	11.467	11.467	11.467	11.467	11.467
11.533	11.533	11.533	11.533	11.533	11.533	11.533	11.533	11.533	11.533	11.533	11.533	11.533	11.533	11.533	11.533
11.6	11.6	11.6	11.6	11.6	11.6	11.6	11.6	11.6	11.6	11.6	11.6	11.6	11.6	11.6	11.6
11.667	11.667	11.667	11.667	11.667	11.667	11.667	11.667	11.667	11.667	11.667	11.667	11.667	11.667	11.667	11.667
11.733	11.733	11.733	11.733	11.733	11.733	11.733	11.733	11.733	11.733	11.733	11.733	11.733	11.733	11.733	11.733
11.8	11.8	11.8	11.8	11.8	11.8	11.8	11.8	11.8	11.8	11.8	11.8	11.8	11.8	11.8	11.8
11.867	11.867	11.867	11.867	11.867	11.867	11.867	11.867	11.867	11.867	11.867	11.867	11.867	11.867	11.867	11.867
11.933	11.933	11.933	11.933	11.933	11.933	11.933	11.933	11.933	11.933	11.933	11.933	11.933	11.933	11.933	11.933
12	12	12	12	12	12	12	12	12	12	12	12	12	12	12	12
12.067	12.067	12.067	12.067	12.067	12.067	12.067	12.067	12.067	12.067	12.067	12.067	12.067	12.067	12.067	12.067
12.133	12.133	12.133	12.133	12.133	12.133	12.133	12.133	12.133	12.133	12.133	12.133	12.133	12.133	12.133	12.133
12.2	12.2	12.2	12.2	12.2	12.2	12.2	12.2	12.2	12.2	12.2	12.2	12.2	12.2	12.2	12.2
12.267	12.267	12.267	12.267	12.267	12.267	12.267	12.267	12.267	12.267	12.267	12.267	12.267	12.267	12.267	12.267
12.333	12.333	12.333	12.333	12.333	12.333	12.333	12.333	12.333	12.333	12.333	12.333	12.333	12.333	12.333	12.333
12.4	12.4	12.4	12.4	12.4	12.4	12.4	12.4	12.4	12.4	12.4	12.4	12.4	12.4	12.4	12.4
12.467	12.467	12.467	12.467	12.467	12.467	12.467	12.467	12.467	12.467	12.467	12.467	12.467	12.467	12.467	12.467
12.533	12.533	12.533	12.533	12.533	12.533	12.533	12.533	12.533	12.533	12.533	12.533	12.533	12.533	12.533	12.533
12.6	12.6	12.6	12.6	12.6	12.6	12.6	12.6	12.6	12.6	12.6	12.6	12.6	12.6	12.6	12.6
12.667	12.667	12.667	12.667	12.667	12.667	12.667	12.667	12.667	12.667	12.667	12.667	12.667	12.667	12.667	12.667
12.733	12.733	12.733	12.733	12.733	12.733	12.733	12.733	12.733	12.733	12.733	12.733	12.733	12.733	12.733	12.733
12.8	12.8	12.8	12.8	12.8	12.8	12.8	12.8	12.8	12.8	12.8	12.8	12.8	12.8	12.8	12.8
12.867	12.867	12.867	12.867	12.867	12.867	12.867	12.867	12.867	12.867	12.867	12.867	12.867	12.867	12.867	12.867
12.933	12.933	12.933	12.933	12.933	12.933	12.933	12.933	12.933	12.933	12.933	12.933	12.933	12.933	12.933	12.933
13	13	13	13	13	13	13	13	13	13	13	13	13	13	13	13
13.067	13.067	13.067	13.067	13.067	13.067	13.067	13.067	13.067	13.067	13.067	13.067	13.067	13.067	13.067	13.067
13.133	13.133	13.133	13.133	13.133	13.133	13.133	13.133	13.133	13.133	13.133	13.133	13.133	13.133	13.133	13.133
13.2	13.2	13.2	13.2	13.2	13.2	13.2	13.2	13.2	13.2	13.2	13.2	13.2	13.2	13.2	13.2
13.267	13.267	13.267	13.267	13.267	13.267	13.267	13.267	13.267	13.267	13.267	13.267	13.267	13.267	13.267	13.267
13.333	13.333	13.333	13.333	13.333	13.333	13.333	13.333	13.333	13.333	13.333	13.333	13.333	13.333	13.333	13.333
13.4	13.4	13.4	13.4	13.4	13.4	13.4	13.4	13.4	13.4	13.4	13.4	13.4	13.4	13.4	13.4
13.467	13.467	13.467	13.467	13.467	13.467	13.467	13.467	13.467	13.467	13.467	13.467	13.467	13.467	13.467	13.467
13.533	13.533	13.533	13.533	13.533	13.533	13.533	13.533	13.533	13.533	13.533	13.533	13.533	13.533	13.533	13.533
13.6	13.6	13.6	13.6	13.6	13.6	13.6	13.6	13.6	13.6	13.6	13.6	13.6	13.6	13.6	13.6
13.667	13.667	13.667	13.667	13.667	13.667	13.667	13.667	13.667	13.667	13.667	13.667	13.667	13.667	13.667	13.667
13.733	13.733	13.733	13.733	13.733	13.733	13.733	13.733	13.733	13.733	13.733	13.733	13.733	13.733	13.733	13.733
13.8	13.8	13.8	13.8	13.8	13.8	13.8	13.8	13.8	13.8	13.8	13.8	13.8	13.8	13.8	13.8
13.867	13.867	13.867	13.867	13.867	13.867	13.867	13.867	13.867	13.867	13.867	13.867	13.867	13.867	13.867	13.867
13.933	13.933	13.933	13.933	13.933	13.933	13.933	13.933	13.933	13.933	13.933	13.933	13.933	13.933	13.933	13.933
14	14	14	14	14	14	14	14	14	14	14	14	14	14	14	14
14.067	14.067	14.067	14.067	14.067	14.067	14.067	14.067	14.067	14.067	14.067	14.067	14.067	14.067	14.067	14.067
14.133	14.133	14.133	14.133	14.133	14.133	14.133	14.133	14.133	14.133	14.133	14.133	14.133	14.133	14.133	14.133
14.2	14.2	14.2	14.2	14.2	14.2	14.2	14.2	14.2	14.2	14.2	14.2	14.2	14.2	14.2	14.2
14.267	14.267	14.267	14.267	14.267	14.267	14.267	14.267	14.267	14.267	14.267	14.267	14.267	14.267	14.267	14.267
14.333	14.333	14.333	14.333	14.333	14.333	14.333	14.333	14.333	14.333	14.333	14.333	14.333	14.333	14.333	14.333
14.4	14.4	14.4	14.4	14.4	14.4	14.4	14.4	14.4	14.4	14.4	14.4	14.4	14.4	14.4	14.4
14.467	14.467	14.467	14.467	14.467	14.467	14.467	14.467	14.467	14.467	14.467	14.467	14.467	14.467	14.467	14.467
14.533	14.533	14.533	14.533	14.533	14.533	14.533	14.533	14.533	14.533	14.533	14.533	14.533	14.533	14.533	14.533
14.6	14.6	14.6	14.6	14.6	14.6	14.6	14.6	14.6	14.6	14.6	14.6	14.6	14.6	14.6	14.6
14.667	14.667	14.667	14.667	14.667	14.667	14.667	14.667	14.667	14.667	14.667	14.667	14.667	14.667	14.667	14.667
14.733	14.733	14.733	14.733	14.733	14.733	14.733	14.733	14.733	14.733	14.733	14.733	14.733	14.733	14.733	14.733
14.8	14.8	14.8	14.8	14.8	14.8	14.8	14.8	14.8	14.8	14.8	14.8	14.8	14.8	14.8	14.8
14.867	14.867	14.867	14.867	14.867	14.867	14.867	14.867	14.867	14.867	14.867	14.867	14.867	14.867	14.867	14.867
14.933	14.933	14.933	14.933	14.933	14.933	14.933	14.933	14.933	14.933	14.933	14.933	14.933	14.933	14.933	14.933
15	15	15	15	15	15	15	15	15	15	15	15	15	15	15	15
15.067	15.067	15.067	15.067	15.067	15.067	15.067	15.067	15.067	15.067	15.067	15.067	15.067	15.067	15.067	15.067
15.133	15.133	15.133	15.133	15.133	15.133	15.133	15.133	15.133	15.133	15.133	15.133	15.133	15.133	15.133	15.133
15.2	15.2	15.2	15.2	15.2	15.2	15.2	15.2	15.2	15.2	15.2	15.2	15.2	15.2	15.2	15.2
15.267	15.267	15.267	15.267	15.267	15.267	15.267	15.267	15.267	15.267	15.267	15.267	15.267	15.267	15.267	15.267
15.333	15.333	15.333	15.333	15.333	15.333	15.333	15.333	15.333	15.333	15.333	15.333	15.333	15.333	15.333	15.333
15.4	15.4	15.4	15.4	15.4	15.4	15.4	15.4	15.4	15.4	15.4	15.4	15.4	15.4	15.4	15.4
15.467	15.467	15.467	15.467	15.467	15.467	15.467	15.467	15.467	15.467	15.467	15.467	15.467	15.467	15.467	15.467
15.533	15.533	15.533	15.533	15.533	15.533	15.533	15.533	15.533	15.533	15.533	15.533	15.533	15.533	15.533	15.533
15.6	15.6	15.6	15.6	15.6	15.6	15.6	15.6	15.6	15.6	15.6	15.6	15.6	15.6	15.6	15.6
15.667	15.667	15.667	15.667	15.667	15.667	15.667	15.667	15.667	15.667	15.667	15.667	15.667	15.667	15.667	15.667
15.733	15.733	15.733	15.733	15.733	15.733	15.733	15.733	15.733	15.733	15.733	15.733	15.733	15.733	15.733	15.733
15.8	15.8	15.8	15.8	15.8	15.8	15.8	15.8	15.8	15.8	15.8	15.8	15.8	15.8	15.8	15.8
15.867	15.867	15.867	15.867	15.867	15.867	15.867	15.867	15.867	15.867	15.867	15.867	15.867	15.867	15.867	15.867
15.933	15.933	15.933	15.933	15.933	15.933	15.933	15.933	15.933	15.933	15.933	15.933	15.933	15.933	15.933	15.933
16	16	16	16	16	16	16	16	16	16	16	16	16	16	16	16
16.067	16.067	16.067	16.067	16.067	16.067	16.067	16.067	16.067	16.067	16.067	16.067	16.067	16.067	16.067	16.067
16.133	16.133	16.133	16.133	16.133	16.133	16.133	16.133	16.133	16.133	16.133	16.133	16.133	16.133	16.133	16.133
16.2	16.2	16.2	16.2	16.2	16.2	16.2	16.2	16.2	16.2	16.2	16.2	16.2	16.2	16.2	16.2
16.267	16.267	16.267	16.267	16.267	16.267	16.267	16.267	16.267	16.267	16.267	16.267	16.267	16.267	16.267	16.267
16.333	16.333	16.333	16.333	16.333	16.333	16.333	16.333	16.333	16.333	16.333	16.333	16.333	16.333	16.333	16.333
16.4	16.4	16.4	16.4	16.4	16.4	16.4	16.4	16.4	16.4	16.4	16.4	16.4	16.4	16.4	16.4
16.467	16.467	16.467	16.467	16.467	16.467	16.467	16.467	16.467	16.467	16.467	16.467	16.467	16.467	16.467	16.467
16.533	16.533	16.533	16.533	16.533	16.533	16.533	16.533	16.533	16.533	16.533	16.533	16.533	16.533	16.533	16.533
16.6	16.6	16.6	16.6	16.6	16.6	16.6	16.6	16.6	16.6	16.6	16.6	16.6	16.6	16.6	16.6
16.667	16.667	16.667	16.667	16.667	16.667	16.667	16.667	16.667	16.667	16.667	16.667	16.667	16.667	16.667	16.667
16.733	16.733	16.733	16.733	16.733	16.733	16.733	16.733	16.733	16.733	16.733	16.733	16.733	16.733	16.733	16.733
16.8	16.8	16.8	16.8	16.8	16.8	16.8	16.8	16.8	16.8	16.8	16.8	16.8	16.8	16.8	16.8
16.867	16.867	16.867	16.867	16.867	16.867	16.867	16.867	16.867	16.867	16.867	16.867	16.867	16.867	16.867	16.867
16.933	16.933	16.933	16.933	16.933	16.933	16.933	16.933	16.933	16.933	16.933	16.933	16.933	16.933	16.933	16.933
17	17	17	17	17	17	17	17	17	17	17	17	17	17	17	17
17.067	17.067	17.067	17.067	17.067	17.067	17.067	17.067	17.067	17.067	17.067	17.067	17.067	17.067	17.067	17.067
17.133	17.133	17.133	17.133	17.133	17.133	17.133	17.133	17.133	17.133	17.133	17.133	17.133	17.133	17.133	17.133
17.2	17.2	17.2	17.2	17.2	17.2	17.2	17.2	17.2	17.2	17.2	17.2	17.2	17.2	17.2	17.2
17.267	17.267	17.267	17.267	17.267	17.267	17.267	17.267	17.267	17.267	17.267	17.267	17.267	17.267	17.267	17.267
17.333	17.333	17.333	17.333	17.333	17.333	17.333	17.333	17.333	17.333	17.333	17.333	17.333	17.333	17.333	17.333
17.4	17.4	17.4	17.4	17.4	17.4	17.4	17.4	17.4	17.4	17.4	17.4	17.4	17.4	17.4	17.4
17.467	17.467	17.467	17.467	17.467	17.467	17.467	17.467	17.467	17.467	17.467	17.467	17.467	17.467	17.467	17.467
17.533	17.533	17.533	17.533	17.533	17.533	17.533	17.533	17.533	17.533	17.533	17.533	17.533	17.533	17.533	17.533
17.6	17.6	17.6	17.6	17.6	17.6	17.6	17.6	17.6	17.6	17.6	17.6	17.6	17.6	17.6	17.6
17.667	17.667	17.667	17.667	17.667	17.667	17.667	17.667	17.667	17.667	17.667	17.667	17.667	17.667	17.667	17.667
17.733	17.733	17.733	17.733	17.733	17.733	17.733	17.733	17.733	17.733	17.733	17.733	17.733	17.733	17.733	17.733
17.8	17.8	17.8	17.8	17.8	17.8	17.8	17.8	17.8	17.8	17.8	17.8	17.8	17.8	17.8	17.8
17.867	17.867	17.867	17.867	17.867	17.867	17.867	17.867	17.867	17.867	17.867	17.867	17.867	17.867	17.867	17.867
17.933	17.933	17.933	17.933	17.933	17.933	17.933	17.933	17.933	17.933	17.933	17.933	17.933	17.933	17.933	17.933
18	18	18	18	18	18	18	18	18	18	18	18	18	18	18	18
18.067	18.067	18.067	18.067	18.067	18.067	18.067	18.067	18.067	18.067	18.067	18.067	18.067	18.067	18.067	18.067
18.133	18.133	18.133	18.133	18.133	18.133	18.133	18.133	18.133	18.133	18.133	18.133	18.133	18.133	18.133	18.133
18.2	18.2	18.2	18.2	18.2	18.2	18.2	18.2	18.2	18.2	18.2	18.2	18.2	18.2	18.2	18.2
18.267	18.267	18.267	18.267	18.267	18.267	18.267	18.267	18.267	18.267	18.267	18.267	18.267	18.267	18.267	18.267
18.333	18.333	18.333	18.333	18.333	18.333	18.333	18.333	18.333	18.333	18.333	18.333	18.333	18.333	18.333	18.333
18.4	18.4	18.4	18.4	18.4	18.4	18.4	18.4	18.4	18.4	18.4	18.4	18.4	18.4	18.4	18.4
18.467	18.467	18.467	18.467	18.467	18.467	18.467	18.467	18.467	18.467	18.467	18.467	18.467	18.467	18.467	18.467
18.533	18.533	18.533	18.533	18.533	18.533	18.533	18.533	18.533	18.533	18.533	18.533	18.533	18.533	18.533	18.533
18.6	18.6	18.6	18.6	18.6	18.6	18.6	18.6	18.6	18.6	18.6	18.6	18.6	18.6	18.6	18.6
18.667	18.667	18.667	18.667	18.667	18.667	18.667	18.667	18.667	18.667	18.667	18.667	18.667	18.667	18.667	18.667
18.733	18.733	18.733	18.733	18.733	18.733	18.733	18.733	18.733	18.733	18.733	18.733	18.733	18.733	18.733	18.733
18.8	18.8	18.8	18.8	18.8	18.8	18.8	18.8	18.8	18.8	18.8	18.8	18.8	18.8	18.8	18.8
18.867	18.867	18.867	18.867	18.867	18.867	18.867	18.867	18.867	18.867	18.867	18.867	18.867	18.867	18.867	18.867
18.933	18.933	18.933	18.933	18.933	18.933	18.933	18.933	18.933	18.933	18.933	18.933	18.933	18.933	18.933	18.933
19	19	19	19	19	19	19	19	19	19	19	19	19	19	19	19
19.067	19.067	19.067	19.067	19.067	19.067	19.067	19.067	19.067	19.067	19.067	19.067	19.067	19.067	19.067	19.067
19.133	19.133	19.133	19.133	19.133	19.133	19.133	19.133	19.133	19.133	19.133	19.133	19.133	19.133	19.133	19.133
19.2	19.2	19.2	19.2	19.2	19.2	19.2	19.2	19.2	19.2	19.2	19.2	19.2	19.2	19.2	19.2
19.267	19.267	19.267	19.267	19.267	19.267	19.267	19.267	19.267	19.267	19.267	19.267	19.267	19.267	19.267	19.267
19.333	19.333	19.333	19.333	19.333	19.333	19.333	19.333	19.333	19.333	19.333	19.333	19.333	19.333	19.333	19.333
19.4	19.4	19.4	19.4	19.4	19.4	19.4	19.4	19.4	19.4	19.4	19.4	19.4	19.4	19.4	19.4
19.467	19.467	19.467	19.467	19.467	19.467	19.467	19.467	19.467	19.467	19.467	19.467	19.467	19.467	19.467	19.467
19.533	19.533	19.533	19.533	19.533	19.533	19.533	19.533	19.533	19.533	19.533	19.533	19.533	19.533	19.533	19.533
19.6	19.6	19.6	19.6	19.6	19.6	19.6	19.6	19.6	19.6	19.6	19.6	19.6	19.6	19.6	19.6
19.667	19.667	19.667	19.667	19.667	19.667	19.667	19.667	19.667	19.667	19.667	19.667	19.667	19.667	19.667	19.667
19.733	19.733	19.733	19.733	19.733	19.733	19.733	19.733	19.733	19.733	19.733	19.733	19.733	19.733	19.733	19.733
19.8	19.8	19.8	19.8	19.8	19.8	19.8	19.8	19.8	19.8	19.8	19.8	19.8	19.8	19.8	19.8
19.867	19.867	19.867	19.867	19.867	19.867	19.867	19.867	19.867	19.867	19.867	19.867	19.867	19.867	19.867	19.867
19.933	19.933	19.933	19.933	19.933	19.933	19.933	19.933	19.933	19.933	19.933	19.933	19.933	19.933	19.933	19.933
