0.0026583	-0.0006557	0.0005125	-0.004065	-0.0017046	0.0095726	-0.0031709	0.0035883	-0.0018956	-0.001204	-0.0095843	-0.0074745	0.0065683	0.0048876	-0.0005723	0.0048758
0.0004411	-0.0016093	-0.0036359	0.0043391	-0.0023367	0.0043035	-0.006032	0.0098704	0.015378	0.0002861	-0.0003695	0.0082613	-0.0009894	0.0025511	0.0036358	-0.0070811
0.0032067	0.0030518	0.0035168	-0.0004172	-0.0003457	0.0034809	0.0026227	0.012541	0.0057459	0.0018955	0.0025511	0.0068068	0.0058533	-0.0015736	0.0008823	-0.003326
-0.0012399	-0.0051021	-0.0008107	0.0090958	0.0084161	-0.0005721	0.0044464	0.0044227	0.010467	0.0059246	0.0005841	-0.0064492	-0.0028373	0.015128	0.0052452	0.0095843
-0.0068426	0.0044825	-0.0014664	0.0036598	0.01179	0.0074745	-0.0026106	0.0067591	0.0020265	0.0049949	-0.0029565	-0.0085593	0.006044	-0.0030877	0.0097991	-0.0033498
-0.0029683	0.0078202	0.008142	0.0018001	0.002384	0.0015977	0.001359	0.0018	0.0064611	0.0043035	0.0019789	-0.0008821	-0.0004053	-0.0044704	0.0058531	0.0010609
-0.0015736	-0.0013709	-0.007093	0.000131	-0.0028254	0.0026941	0.0004291	0.0022889	0.0050188	0.0005246	0.0012041	0.0046729	0.0020981	0.0076772	-0.0018119	-0.0042201
-0.004375	0.0019431	-0.0064253	0.0027895	0.003016	-0.0043989	0.0083684	0.0025152	-0.0024081	-0.0024081	-0.011778	-0.0074625	0.0025869	-0.0050308	0.0065327	0.011873
-0.0021935	-0.0044227	0.0012755	-0.0003338	-0.0078083	-0.0013233	-0.0042915	0.0010249	-0.0005484	-0.0009895	-0.0064016	-0.0068069	0.0002979	0.0069499	-0.0034572	-0.0004649
0.0012517	0.0061154	0.0020146	-0.0012875	0.0007748	0.0041961	-0.0041604	-0.0049711	0.0076771	0.0019074	-0.0013231	0.0032662	-0.0046373	0.0097992	0.007713	0.0016094
0.0073196	-0.0022649	0.008571	-0.0020265	0.0027062	0.0060915	0.0074387	-0.0005723	-0.0019073	-0.009346	-0.0031589	0.0010134	-0.001347	-0.0062703	-0.0009061	0.0008226
0.0011205	-0.0014306	0.002122	0.001216	0.0022052	-0.0020861	0.00695	-0.0032069	-0.0017644	-0.0052452	-0.0009418	-0.0015853	-0.0029682	0.0003219	0.0095725	0.0080944
-0.0011922	0.0038864	0.0013826	0.0032664	0.0022413	0.0065088	-0.0036716	0.0032662	0.0042795	0.0053167	0.0028252	0.0064374	0.004232	0.0082492	0.0068905	0.0021816
0.0054716	0.007701	0.0046016	-0.0041246	0.0035167	-0.0005842	-0.0025271	-0.0093222	-0.0006437	0.0019909	0.0024082	0.0014901	0.010192	-0.0021697	0.001979	-0.0034572
0.0052453	0.0006199	-0.0007631	-0.0003338	0.0038266	-0.0026344	0.0034331	-0.00031	0.0030519	0.0061036	0.0032664	0.0063062	-0.0007271	0.0038028	0.003934	0.0009298
-0.0038862	0.0026345	-0.0001192	0.0005126	0.0048995	0.0043034	-0.0066163	0.010252	0.010669	0.003624	0.0030518	-0.0012994	-0.003469	0.0047922	0.0057814	0.0068783
0.0040652	0.0007868	0.010514	0.0045181	0.0078917	0.0060797	0.0064374	0.0011324	-0.0007749	-0.0036716	-0.0050546	-0.0050427	0.0065208	0.0009179	0.0056147	0.0090003
0.0028253	0.004065	-0.0039937	-0.0012875	0.0011563	0.0017285	0.0021577	0.0096322	0.0027418	0.0046253	0.01024	-0.0082971	0.0046374	0.0044226	-0.0002861	0.0036477
-0.0036837	-0.0041486	0.0028134	-0.0021458	-0.0009417	0.0006318	0.0033854	0.0024914	0.0026703	0.0012158	-0.0030996	0.0006438	-0.0011923	-0.0024796	0.0047923	0.0030636
0.0037788	-0.0024914	0.0012517	-0.0042319	-0.0041962	0.0012158	0.0020266	0.0037432	0.0058055	-0.019324	-0.012124	0.0015497	-0.0002861	0.0022412	0.0095724	0.011182
-0.0012278	-0.0016451	0.0008105	-0.0026584	-0.0022054	-0.0098946	-0.0017047	0.0007391	0.0021339	0.005901	0.0074745	0.0086666	0.0018598	0.0056506	0.013697	0.010312
0.0016927	-0.0048757	0.010335	0.000632	0.0023246	-0.0005484	0.0003696	0.0044226	-0.0031949	0.0060439	0.0096322	-0.0032544	0.0015378	0.0067712	0.0007392	0.0021815
-0.0017166	-0.0023365	0.001037	0.0014067	0.0018837	0.0007987	-0.0048757	-0.0021934	-0.0018121	-0.0053762	0.0050904	0.0008345	0.0021218	0.009501	-0.0024082	0.0006437
-0.0061156	-0.0011443	0.002551	-0.0004409	-0.0005008	0.0075937	-0.0026465	0.005579	-0.0025154	0.005114	0.0076771	0.0051499	-0.0043154	0.0011683	0.0066758	0.0056981
0.0024914	0.0006795	-0.0008345	7.15e-05	0.001645	-0.0011803	0.003457	0.0002265	-0.0009536	-0.0074269	-0.0021459	-0.003934	0.001979	-0.0068427	0.0097992	0.0033379
-0.0052214	0.0026821	0.0053167	-0.0042557	-0.0012516	0.0020862	0.0001788	-0.0057221	-0.0025154	-0.0017644	0.0071048	0.0049234	0.0096915	-0.0051141	0.0081896	0.0097871
-0.0041723	0.0009774	0.0036238	0.0030397	-7.14e-05	-0.0019192	-0.0027063	0.0077604	0.0041365	0.007987	0.009036	0.0002981	-0.003612	0.0062942	0.0084877	-0.0018002
0.003171	-0.001657	0.0050665	0.0043035	0.0015019	0.0038981	0.000906	-0.0023366	-0.0031828	-0.0018834	-0.0042439	0.005281	-0.0052095	-0.0005365	-0.004828	0.0051977
-0.0036954	-0.0029444	0.0006677	-0.0048161	-0.001228	-0.0008702	0.010503	-0.005102	-0.0010014	0.0074744	-0.0041604	-0.0035168	-0.0059843	0.0097037	0.01297	0.0031828
0.0040174	0.0068666	0.0092865	0.0023006	-0.0039696	-0.0043393	0.0095368	-0.0015974	-0.0088811	-0.0024318	-0.0031114	0.0067592	-0.010383	-0.004697	0.0041842	0.018013
-0.0062824	-0.0029564	0.0024318	-0.0032306	-0.0013352	0.0009299	-0.0031828	0.00906	0.0018477	-0.0016094	0.0047566	-0.0044108	-0.0045419	0.0044824	0.0026226	0.0032901
-0.0024557	0.0006317	0.0013828	0.001788	-0.0003457	-0.003624	0.0049711	0.00093	-0.0028252	-0.0023484	0.00664	0.0053407	-0.0030994	0.0060082	0.0008463	-0.0050545
-0.00062	-0.0072121	0.0065327	0.0067829	0.0027062	0.0008342	0.0016808	0.0026585	-0.0007868	0.0031233	-0.0038982	0.0015378	-0.0003217	0.0006435	-0.0015379	-0.0040412
0.009513	0.0013352	0.0010013	8.33e-05	-0.0020267	0.0007509	0.0045657	0.0015019	0.0003576	0.007379	0.0016569	-0.0002741	-0.0048518	-0.0027896	-0.0036358	-0.0007987
-0.0031232	0.0014425	0.0019193	0.005114	0.0055193	0.0005961	-0.0052572	-0.0025153	-0.0025868	-0.0061154	-0.0068188	0.0024796	-0.0041485	-0.0034094	-0.0032187	-0.0040769
5.95e-05	0.0035406	0.0064851	-0.0014186	-0.0068786	0.0001909	-0.0025273	-0.0018476	0.0003933	-0.0009895	0.0002026	-0.006652	-0.0028849	-0.0026703	0.0010372	-0.0031472
-0.000906	0.0023484	-0.0002385	-0.0045777	0.0016809	-0.0021934	0.0056744	0.002122	0.0005722	-0.0015856	0.0020742	-0.0039935	0.0026584	-0.0011683	0.000584	-0.0093341
0.009513	0.0007272	0.0026345	-0.0033022	0.0009776	0.0015974	0.0006439	0.003326	0.0002981	-0.0009418	-0.0073195	-1.19e-05	0.0012994	-0.0005244	-0.0047207	-0.0097873
0.007832	0.0043988	0.0024676	-0.0024438	0.0098111	-0.0005007	-0.001204	0.0038623	-0.0050069	0.0030638	-0.0029443	-0.0024317	0.0038745	-0.0015734	-0.0011563	0.0024081
-0.0004889	0.001347	1.19e-05	-0.0006319	0.0028849	0.0022412	-0.0004292	0.0021816	-0.0007629	0.0017762	-5.97e-05	0.0041366	-0.0074864	-8.35e-05	-0.0082852	-0.0028373
-0.0043152	0.0047208	0.0031471	-0.0025631	0.0011564	0.0065684	-0.003636	-0.0013471	0.0006199	-0.0044705	-0.0029684	-0.012255	0.011289	0.0012756	-0.0121	-0.0062823
0.004649	0.0025511	0.0003933	-0.0023485	0.0040174	0.0034809	-0.006056	0.0023246	-0.0012399	0.0061988	0.0033975	-0.0040294	-0.0058769	0.0067354	-0.0055791	-0.0016928
0.0094891	-0.0013947	0.0005363	-0.0003696	-0.0006438	-0.0060081	-0.0071405	0.0007389	-0.0025273	0.006783	0.003922	-0.0099299	-0.0027658	-0.006163	-0.008309	0.0017404
-5.96e-05	-0.0019551	-0.0031473	0.0003098	-0.0062346	-0.0041486	0.0040294	-0.0016571	-0.0005245	-0.0013589	0.0020982	-0.0015855	-0.0017525	0.0060916	0.0004886	-0.010884
0.0018597	0.00391	0.0001312	0.0001788	-0.0060319	-0.0039696	-0.0057103	-0.0084281	-0.010669	-0.0023486	0.001657	-0.0038863	-0.004363	-0.0046373	-0.0067355	-0.013947
0.0040176	0.0002146	0.0020028	0.0025272	-0.0044466	-0.0060319	0.0020982	-0.0057937	-0.007093	-0.001967	-0.0054479	-0.011301	-0.0071883	0.0038147	-0.011301	-0.0046135
0.0076771	0.0002741	0.0020027	-0.0030636	0.0051856	-0.003171	-0.016642	-0.0067352	-0.0048278	-0.0004172	-0.0031471	-0.01415	-0.0046968	-0.010026	-0.012875	0.0023245
0.0065801	0.0008344	0.0032307	0.0049113	-0.003004	-0.006175	0.0056149	-0.010324	-0.011337	-0.0077369	-0.0082257	-0.0012636	-0.0032068	0.0040887	-0.012016	-0.0032902
0.0022649	0.001025	0.0023247	-0.0005364	-0.003934	0.0023366	-0.0025036	-0.0068546	-0.0097036	-0.0093342	-0.0057698	-0.0051262	-0.0041129	-0.011253	-0.0035047	-0.0060797
0.0017286	-0.001359	7.14e-05	-0.0050544	-0.0097276	-0.0034929	-0.0054359	-0.0029683	-0.012005	-0.014234	-0.0065208	-0.014377	-0.01452	-0.0056148	-0.0051021	-0.0078321
-0.0002384	-0.0029327	0.0050427	-0.0014663	-0.0045063	-0.0048161	-0.0048877	-0.0044941	-0.0064135	-0.017762	-0.012148	-0.009334	-0.005436	-0.010503	-0.0091195	-0.0072598
-0.0055551	-0.0024319	0.0011443	-0.004828	-0.0008107	-0.0029804	-0.0099779	-0.015295	-0.022984	-0.013888	-0.014556	-0.011861	-0.0088095	-0.015652	-0.012589	-0.010693
-0.0077844	0.0027061	-0.0020148	-0.005746	0.0006914	-0.0064968	-0.0061752	-0.014973	-0.016868	-0.015474	-0.017441	-0.011551	-0.010061	-0.012553	-0.012148	-0.014019
3.57e-05	-0.0039459	-0.0007391	-0.0063541	-0.0036359	0.0002265	-0.004816	-0.0077725	-0.0030399	-0.01123	-0.01955	-0.017953	-0.010729	-0.0050068	-0.012588	-0.011575
-0.0094891	-0.0022769	-0.0059487	-0.0069856	-0.0042439	-0.010562	-0.0081063	-0.01595	-0.0095845	-0.014973	-0.0079753	-0.0051022	-0.010955	-0.015044	-0.0018954	-0.010514
-0.0013353	-0.0060796	-0.0084878	0.0021816	-0.0074031	-0.008905	-0.012291	-0.013912	-0.017667	-0.013292	-0.013542	-0.012207	-0.015736	-0.012946	0.0068068	-0.012422
-0.016213	-0.010574	-0.0047207	-0.0039219	0.0054837	-0.0078677	-0.0024676	-0.0051736	-0.0075578	-0.010967	-0.016427	-0.011432	-0.015521	-0.00453	-0.0033617	-0.009656
-0.020516	-0.004208	-0.0016569	-0.0062465	-0.0086904	0.0015734	0.0017405	-0.017166	-0.01508	-0.016177	-0.013864	0.000763	-0.0025987	-0.010693	0.013816	0.0027776
-0.014424	-0.0090601	-0.0002742	0.0056028	0.0088216	-0.0038027	8.34e-05	0.0031829	-0.0020385	0.0010012	0.0015496	-0.0090719	-0.010347	0.0061631	0.0019431	0.0092745
-0.022173	-0.0097513	-0.0050904	0.012982	0.0060916	0.012708	0.0043869	0.0057936	0.0035406	0.005412	0.0078557	0.0060082	-0.0010489	0.0064255	0.01111	0.012016
-0.022328	-0.010609	0.0011681	0.0039577	0.012362	0.015306	0.012243	0.016975	0.0193	0.0095964	0.0039338	0.0021698	0.010669	0.020397	0.023949	0.026035
-0.02296	0.0011682	0.0005482	0.0088096	0.02724	0.035358	0.02954	0.028718	0.02259	0.020754	0.021804	0.026262	0.020766	0.013399	0.028384	0.042308
-0.019896	-0.001371	0.0080944	0.015903	0.024057	0.05014	0.036705	0.046349	0.042308	0.034332	0.032628	0.039125	0.0296	0.03829	0.04406	0.04834
-0.013971	0.010658	0.013447	0.017119	0.026656	0.055683	0.051666	0.062812	0.064779	0.062943	0.065971	0.051678	0.058306	0.064111	0.065851	0.070644
-0.010967	0.010657	0.017333	0.033271	0.04648	0.070513	0.065804	0.075925	0.087536	0.085998	0.080836	0.077129	0.078547	0.089098	0.10307	0.097633
0.0016451	0.022733	0.021017	0.046051	0.068689	0.093735	0.0947	0.11479	0.11251	0.10852	0.10926	0.1037	0.096775	0.11033	0.12422	0.14104
0.012731	0.030208	0.045932	0.058651	0.088466	0.1088	0.11566	0.13806	0.14937	0.14861	0.14272	0.13626	0.13633	0.14805	0.15434	0.15173
0.026775	0.044156	0.050926	0.073624	0.10227	0.13243	0.13689	0.17285	0.18114	0.17113	0.17257	0.17002	0.16776	0.16418	0.17613	0.18528
0.049425	0.055206	0.06429	0.076378	0.1171	0.14559	0.15464	0.19204	0.19937	0.20994	0.20319	0.20222	0.1832	0.19742	0.21296	0.21193
0.09538	0.07509	0.077248	0.09228	0.1275	0.16297	0.17998	0.22661	0.22819	0.23725	0.22915	0.21987	0.22553	0.20207	0.21861	0.22042
0.1776	0.10804	0.094188	0.10253	0.14216	0.17216	0.17918	0.23091	0.23302	0.25369	0.24505	0.24239	0.22394	0.20075	0.21778	0.20236
0.3705	0.18569	0.14773	0.1379	0.17403	0.18791	0.19159	0.24558	0.24651	0.23501	0.23232	0.23362	0.21954	0.19914	0.17364	0.16677
0.6989	0.33978	0.26246	0.21963	0.23836	0.22714	0.20995	0.2406	0.25134	0.24157	0.22892	0.21643	0.20181	0.15689	0.11783	0.10408
0.96219	0.4709	0.34992	0.29878	0.297	0.26218	0.21037	0.20992	0.20242	0.18281	0.19215	0.15826	0.14104	0.081242	0.033796	0.019229
1.0458	0.51453	0.38432	0.31768	0.30589	0.24406	0.16371	0.13851	0.12996	0.11822	0.099683	0.10365	0.068951	0.0054956	-0.047469	-0.065792
1.081	0.55272	0.42818	0.36713	0.35973	0.28106	0.17005	0.10933	0.10107	0.089801	0.070548	0.056148	0.030804	-0.042784	-0.11293	-0.12915
1.0133	0.57803	0.47037	0.41802	0.44465	0.36786	0.23395	0.15541	0.14457	0.11451	0.094057	0.073398	0.042987	-0.044906	-0.11934	-0.13666
0.74436	0.49541	0.41691	0.40472	0.47072	0.39452	0.28346	0.19606	0.18709	0.15789	0.12922	0.094009	0.061799	-0.030303	-0.12354	-0.13733
0.38606	0.31238	0.28122	0.29988	0.39145	0.36975	0.26107	0.20715	0.18692	0.13937	0.13119	0.11215	0.051689	-0.028527	-0.11499	-0.1376
0.083387	0.11449	0.119	0.15324	0.22522	0.24779	0.20105	0.16693	0.15156	0.12165	0.10049	0.083137	0.054455	-0.033152	-0.13306	-0.14805
-0.056875	-0.018025	-0.0039101	0.013673	0.054109	0.09805	0.099815	0.077475	0.069941	0.061071	0.051928	0.029135	0.024236	-0.062156	-0.157	-0.17899
-0.047934	-0.062788	-0.068653	-0.067246	-0.068403	-0.044561	-0.027228	-0.015867	-0.024939	-0.017321	-0.022089	-0.029016	-0.03593	-0.10501	-0.18296	-0.20599
0.045765	-0.021505	-0.039578	-0.084758	-0.13487	-0.15981	-0.12487	-0.11405	-0.11584	-0.1092	-0.10851	-0.092018	-0.096107	-0.14742	-0.2234	-0.23816
0.20226	0.081659	0.047994	-0.014448	-0.097418	-0.17362	-0.18597	-0.19482	-0.20558	-0.19032	-0.18147	-0.16881	-0.15271	-0.18557	-0.25137	-0.25897
0.33775	0.20977	0.17967	0.11971	0.038338	-0.10952	-0.16946	-0.2211	-0.22433	-0.21947	-0.21418	-0.2094	-0.19699	-0.22165	-0.25731	-0.25667
0.39814	0.33468	0.29638	0.28421	0.22295	0.045324	-0.089229	-0.19602	-0.19749	-0.21621	-0.21541	-0.21733	-0.21467	-0.22163	-0.24711	-0.24529
0.40767	0.39399	0.40178	0.4259	0.42789	0.24043	0.054586	-0.10912	-0.12386	-0.1601	-0.16881	-0.18312	-0.19713	-0.19772	-0.20166	-0.19366
0.33713	0.3882	0.44258	0.53082	0.61554	0.47663	0.22999	0.01868	-0.003612	-0.06727	-0.078929	-0.11839	-0.1363	-0.15622	-0.13679	-0.12599
0.2496	0.34929	0.4285	0.56379	0.75153	0.68055	0.41236	0.17971	0.14734	0.059474	0.027525	-0.019419	-0.068045	-0.086761	-0.061536	-0.032115
0.15818	0.26987	0.35131	0.5397	0.78773	0.82059	0.56928	0.33488	0.2905	0.1879	0.14179	0.08334	0.02166	-0.0097275	0.042761	0.070024
0.087595	0.17281	0.27955	0.45483	0.76969	0.90022	0.70081	0.46975	0.40721	0.30846	0.26218	0.1864	0.11084	0.085772	0.14063	0.15578
0.03959	0.10973	0.19229	0.36586	0.67988	0.91806	0.77381	0.57756	0.53226	0.4181	0.36322	0.26834	0.20723	0.17085	0.2156	0.24958
0.037325	0.055719	0.12133	0.24927	0.54993	0.86296	0.79176	0.67425	0.62073	0.50121	0.44881	0.37253	0.29863	0.24496	0.31291	0.32497
0.047255	0.041247	0.067354	0.16842	0.43004	0.76346	0.77792	0.70985	0.66125	0.56497	0.51897	0.44201	0.383	0.32635	0.36169	0.38908
0.045049	0.028074	0.043059	0.11022	0.30759	0.65332	0.73213	0.71834	0.6763	0.60271	0.54295	0.49517	0.42787	0.36361	0.42492	0.43143
0.032246	0.029123	0.018799	0.058782	0.21879	0.53867	0.66013	0.7067	0.67807	0.61354	0.57378	0.51545	0.45853	0.40891	0.47071	0.45414
0.023294	0.010037	0.01266	0.028181	0.13533	0.42606	0.58343	0.69325	0.66396	0.61515	0.57849	0.52765	0.48585	0.44939	0.46602	0.46753
-9.54e-05	-0.0075339	-0.0013232	0.012779	0.079263	0.31897	0.50021	0.65153	0.62883	0.6104	0.56898	0.53885	0.50503	0.46112	0.46832	0.47635
-0.012457	-0.023389	-0.023329	-0.01843	0.033867	0.22704	0.40719	0.59679	0.58719	0.57134	0.54986	0.53057	0.51593	0.46811	0.47595	0.44968
-0.011742	-0.028598	-0.031555	-0.02594	-0.0053644	0.14266	0.3162	0.52483	0.52173	0.5547	0.53103	0.52001	0.52399	0.48354	0.46507	0.43931
-0.017095	-0.028718	-0.0399	-0.050008	-0.03624	0.08055	0.25545	0.47506	0.47425	0.49597	0.49088	0.49525	0.50974	0.48316	0.43236	0.41998
-0.0013708	-0.025535	-0.053084	-0.065029	-0.05951	0.025535	0.17572	0.41692	0.42317	0.46404	0.45663	0.48322	0.49445	0.47874	0.42663	0.4042
0.0075818	-0.013614	-0.043273	-0.072468	-0.084186	-0.023234	0.11882	0.35372	0.36826	0.43295	0.43094	0.45297	0.48415	0.45493	0.37297	0.35676
0.024497	0.0004174	-0.030828	-0.062049	-0.10121	-0.056565	0.064683	0.2774	0.2927	0.36212	0.37846	0.41067	0.44553	0.43708	0.3663	0.3359
0.0386	0.0071167	-0.013614	-0.060952	-0.10793	-0.093103	0.0041248	0.21094	0.2408	0.3073	0.32107	0.37117	0.41294	0.41071	0.31183	0.30068
0.038493	0.030244	-0.0004889	-0.047517	-0.11194	-0.12168	-0.044942	0.1348	0.16494	0.25451	0.2659	0.3099	0.36663	0.36602	0.27927	0.27054
0.030446	0.038278	0.022173	-0.021541	-0.1075	-0.14876	-0.070942	0.096858	0.11753	0.19693	0.21818	0.27435	0.34132	0.33763	0.23902	0.21763
0.026941	0.040984	0.030005	-0.0072597	-0.089038	-0.15478	-0.10026	0.043249	0.07037	0.14008	0.16635	0.22397	0.29205	0.2985	0.22612	0.18846
0.023747	0.046444	0.044763	0.017476	-0.063849	-0.14904	-0.12608	-0.016999	0.013066	0.088597	0.1104	0.16853	0.25217	0.26792	0.18152	0.16644
0.011158	0.031495	0.048566	0.038505	-0.035954	-0.1394	-0.1408	-0.04257	-0.017047	0.041282	0.069476	0.1339	0.21522	0.23575	0.15038	0.12113
0.0047564	0.031269	0.051511	0.049115	-0.010514	-0.13261	-0.14104	-0.085974	-0.061095	0.0030756	0.02451	0.091768	0.16558	0.19955	0.12393	0.099314
0.0064014	0.027633	0.044859	0.060821	0.024438	-0.11092	-0.14962	-0.10899	-0.085414	-0.029445	-0.0071527	0.048149	0.13768	0.16601	0.10248	0.083185
0.0029803	0.015652	0.038207	0.065256	0.050903	-0.082493	-0.13764	-0.12591	-0.10872	-0.060511	-0.036943	0.01961	0.09687	0.12719	0.064636	0.051189
0.0029326	0.0077725	0.020373	0.057006	0.075806	-0.05287	-0.12878	-0.13275	-0.11679	-0.071025	-0.053334	-0.0094891	0.070846	0.11349	0.049138	0.022328
-0.010705	-0.0033021	0.017822	0.050831	0.086654	-0.024378	-0.11694	-0.14191	-0.13022	-0.098539	-0.082875	-0.026751	0.041664	0.084615	0.036776	0.015712
-0.010884	-0.013685	0.010562	0.047314	0.099659	0.0073551	-0.091088	-0.13425	-0.13874	-0.10762	-0.086439	-0.036657	0.021124	0.063837	0.012505	0.0077009
-0.015175	-0.010502	-0.0005602	0.040233	0.10237	0.029349	-0.075996	-0.12964	-0.12459	-0.10947	-0.10077	-0.068009	0.005877	0.04443	-0.0047326	-0.016439
-0.0087023	-0.013495	-0.0067713	0.021982	0.097657	0.063276	-0.05312	-0.11635	-0.11842	-0.10029	-0.09904	-0.063253	-0.015175	0.031352	-0.0091315	-0.0091792
-0.002551	-0.010514	-0.018263	0.012028	0.087059	0.081575	-0.031901	-0.11839	-0.11473	-0.10325	-0.1012	-0.076426	-0.016093	0.01725	-0.016475	-0.017166
0.002408	-0.0086307	-0.014019	0.01049	0.074757	0.096572	-0.0079633	-0.088656	-0.092483	-0.095952	-0.09054	-0.078714	-0.037015	0.010455	-0.016665	-0.030494
-0.0011445	-0.0075221	-0.012171	-0.0034213	0.061644	0.11542	0.012922	-0.073994	-0.072432	-0.091887	-0.07552	-0.075794	-0.039327	0.0067116	-0.024474	-0.02923
0.0096559	-0.0044821	-0.015449	-0.018048	0.040269	0.11166	0.040973	-0.056124	-0.061834	-0.074053	-0.075567	-0.064922	-0.035191	-0.0021816	-0.028741	-0.03562
0.0026346	-0.0074983	-0.014818	-0.024355	0.020945	0.11561	0.048018	-0.044632	-0.048507	-0.058759	-0.065113	-0.075996	-0.04313	-0.0085592	-0.023914	-0.035751
0.000286	0.0038743	-0.0079513	-0.015247	0.0058413	0.10173	0.058413	-0.026179	-0.032652	-0.049627	-0.054241	-0.059629	-0.040806	-0.0011204	-0.020754	-0.032223
0.0047207	0.0044229	-0.0049593	-0.023246	-0.0080109	0.085903	0.068474	-0.0072837	-0.022042	-0.042344	-0.054193	-0.045252	-0.035703	-0.0073551	-0.011766	-0.028146
0.0036242	0.010586	-0.003326	-0.020588	-0.016141	0.075698	0.06851	-0.0009297	-0.014687	-0.029624	-0.032628	-0.047934	-0.026143	-0.012541	-0.012433	-0.013733
0.0007511	0.0086666	-0.0023962	-0.016904	-0.025296	0.061405	0.076437	0.0076891	-0.003302	-0.0097275	-0.023139	-0.038111	-0.024569	-0.0023486	-0.010741	-0.016546
-0.0063419	0.0081419	0.010383	-0.015891	-0.033522	0.047124	0.06398	0.013459	0.0083328	-0.008297	-0.013268	-0.019062	-0.018847	-0.0006557	-0.0023723	-0.00695
0.0013351	0.012565	0.01185	-0.011087	-0.031233	0.029099	0.061536	0.026322	0.016093	-0.0043272	-0.012934	-0.013828	-0.014794	0.0060917	-0.013506	-3.57e-05
-0.002265	0.0051736	0.005424	-0.0053526	-0.029183	0.015342	0.06032	0.034988	0.032854	0.0091075	0.0082731	-0.007081	-0.011683	0.0080228	-0.0068546	-0.0066876
-0.0082374	0.0057578	0.0059247	-0.0030875	-0.029838	0.0094415	0.055528	0.025356	0.010717	0.0071645	0.0008344	-0.0040174	-0.0026585	0.0175	0.0067593	0.0038745
-0.0099779	0.0027776	0.013244	0.0029324	-0.027478	-0.019825	0.039303	0.021625	0.019085	0.0052929	0.0071287	0.012958	-0.0016212	0.021195	0.0081421	-0.0041127
-0.011349	-0.0071646	0.0089883	0.0040292	-0.026023	-0.013757	0.033164	0.01365	0.016487	0.0022411	-0.0012517	0.01297	0.0031591	0.01328	0.014198	0.0080347
-0.01812	-0.0028253	0.0043155	0.0049115	-0.025034	-0.018668	0.019765	0.022698	0.015342	0.016594	0.010908	0.0086546	0.01086	0.018942	0.01421	0.016606
-0.010502	-0.0008106	0.0029325	0.0088334	-0.017047	-0.020969	0.010133	0.01198	0.012004	0.0032782	0.0038982	0.0089407	0.020421	0.030625	0.0175	0.021255
-0.0030279	-0.0052213	0.0010849	0.0058651	-0.0059247	-0.032354	0.008762	0.01235	0.010824	0.0083805	0.010025	0.0073314	0.018978	0.032425	0.029707	0.032926
-0.0077723	0.0031947	-0.001955	0.0082256	-0.0029325	-0.026524	-0.0058771	0.0083804	0.007844	0.014281	0.014603	0.011396	0.01967	0.03655	0.038898	0.024712
0.0046729	-0.00422	0.000727	0.0056504	-0.010979	-0.022471	-0.0050664	0.0094177	0.0093938	0.0077368	0.011003	0.011325	0.023628	0.038612	0.023079	0.012016
-0.0015736	-0.010598	0.0006198	0.0030517	0.0044108	-0.017118	0.001061	-0.0003816	-0.0023485	-0.0026821	0.005317	0.017298	0.030851	0.048566	0.032783	0.018513
-0.0075102	-0.0032306	-0.0073075	0.0036241	0.012112	-0.023174	-0.021982	-0.0003458	0.0033974	0.0025748	0.0005483	0.012171	0.022888	0.048757	0.02302	0.030518
-0.0033381	0.0007509	-0.0023008	0.0003338	0.011945	-0.020504	-0.020528	-0.0007986	-9.53e-05	-0.0005485	-0.0075817	0.0027181	0.023282	0.036812	0.028897	0.026822
-0.0062942	0.0002384	-0.0024319	0.0012277	0.011373	-0.015795	-0.0027775	-0.0085951	-0.013638	-0.0049593	-0.0076057	0.0088693	0.01384	0.025392	0.023854	0.010717
-0.0008583	0.0041843	-0.007391	-0.0045777	0.018084	-0.010014	-0.0024201	-0.0071168	-0.010312	-0.0031946	-0.0046729	-0.0029445	0.016856	0.05095	0.013959	0.023783
0.0008702	-0.0023246	0.0015974	-0.0045894	0.010157	-0.011063	-0.0080585	-0.004959	-0.0023961	-0.0096798	-0.0067831	-0.0036718	0.013256	0.035405	0.021982	0.014937
-2.38e-05	-0.0048041	0.0017762	-0.001669	0.0087859	-0.0097989	-0.010657	-0.0028969	-0.0099661	-0.013101	-0.015712	-0.0023008	0.021362	0.025952	0.018215	0.0073197
-0.0074148	-0.0033022	-0.0062705	-0.009787	0.0017997	-0.0034689	0.0009416	-0.013721	-0.011385	-0.0073909	-0.012314	0.0026821	0.017285	0.042057	0.014555	0.012541
-0.010049	-0.0089765	-0.0085234	-0.0046612	0.0078082	-0.0064134	-0.019682	-0.010097	-0.018179	-0.013769	-0.013518	-0.0094891	0.011146	0.029636	0.007868	0.0053882
-0.0019908	-0.0014544	-0.0044941	-0.0088215	-7.15e-05	0.0037192	-0.011063	-0.013495	-0.019908	-0.012994	-0.013494	-0.014067	0.016094	0.028992	0.011373	0.0052333
-0.0068903	0.005281	-0.0024437	-0.0052094	-0.0012517	0.0012399	-0.005877	-0.010359	-0.009966	-0.018096	-0.017715	-0.0044346	0.014747	0.026131	0.0027896	0.0029207
-0.0030517	0.0008224	-0.0047685	-0.006652	-0.0022054	-0.0007629	-0.0017406	-0.0097395	-0.01024	-0.010872	-0.0060796	-0.010681	0.011409	0.022924	0.007415	-0.0068546
-0.016034	-0.0020265	-0.0035525	-0.0082612	-0.014305	0.0008225	-0.011909	-0.010145	-0.0044584	-0.0095489	-0.01154	-0.015748	0.0055908	0.022519	-0.0068428	-0.0066998
-0.016487	-0.0047803	-0.0072003	-0.0097514	-0.011265	-0.0022292	-0.015521	-0.006306	-0.0044346	-0.012994	-0.014997	-0.0074149	0.0095011	0.019181	-0.0008584	-0.0097038
-0.011766	-0.0037551	0.0036836	-0.01018	-0.0006795	-0.0042557	-0.012434	-0.0036716	-0.0027894	-0.0052213	-0.009644	-0.011957	-0.0045299	0.027096	-0.0067712	-0.014245
-0.0074267	-0.0055671	-0.0061632	-0.012207	-0.013804	-0.0008939	-0.013733	-0.0014306	-0.0020266	-0.016177	-0.014555	-0.016284	0.0059129	0.019503	-0.012517	-0.011063
-0.011683	-0.0080229	-0.0052333	-0.0048638	-0.0070096	0.0028492	-0.0043988	-0.0016331	-0.0057579	-0.0053883	-0.0035642	-0.011265	-0.0023962	0.020683	-0.0077368	-0.010252
-0.0032186	-0.0017882	-0.0049353	-0.0051021	-0.011766	0.0067473	-0.0039456	-0.0099184	-0.014627	-0.0086546	-0.010824	-0.016165	-0.0042437	0.0229	-0.0033378	-0.0038506
-0.015306	0.001669	-0.0013589	0.0022411	-0.0046611	-0.0058294	-0.012803	0.0055432	0.0059724	-0.0029801	-0.0010966	-0.013364	0.0012873	0.013041	-0.011658	-0.0044583
-0.0056148	-0.0036836	-0.0042081	-0.001204	-0.0070335	-0.0020386	-0.010467	0.0018002	0.0050665	-0.0060916	-0.0020624	-0.0070214	0.0010847	0.01545	-0.011063	-0.0087501
-0.0030756	-0.0021459	0.0020266	-9.55e-05	-0.011099	-0.0003697	-0.0094176	0.0084163	-0.0001669	0.0029922	-0.0031232	-0.012016	-0.0003934	0.015092	-0.010335	-0.010228
-0.0093936	-0.0051737	0.0003457	0.0006437	-0.0070096	0.0018715	-0.007248	0.0057459	0.0076772	-0.0061395	-0.010026	-0.0073912	0.0077845	0.023484	-0.0086189	-0.019181
-0.0084641	-0.0065565	-0.0057102	-0.0041008	0.0051498	0.0009893	-0.0083326	0.0091316	0.0041605	0.0003575	-0.0041127	-0.0079274	0.0018239	0.0076413	-0.012064	-0.0059605
-0.003028	-0.0015379	-0.010789	-0.0044823	-0.011456	0.0026465	-0.0033736	-0.0028849	-0.0015974	-0.0055195	-0.0058056	-0.0057697	0.002265	0.010562	0.000298	-0.020325
-0.0038862	0.0010371	-0.0011682	-0.0021934	-0.0060321	0.0010966	0.0028731	-0.0085713	-0.0054241	-0.0021817	0.0031948	-0.0099302	-0.0002145	0.006938	-0.0017524	-0.016415
-0.0079514	-0.0059962	-0.0059487	-0.0023483	-0.0020623	0.0019909	-0.0009894	0.0051974	-0.0017166	0.0049354	4.79e-05	-0.0035403	0.00422	0.018895	-0.0094773	-0.017596
-0.0063896	-0.0055313	-0.011885	0.0024321	-0.0096561	0.0037313	0.0011086	0.0012874	0.0004054	-0.0020385	-0.0020146	-0.0044226	0.0020504	0.013185	-0.006366	-0.019932
-0.012744	-0.011099	-0.0071287	-0.0029444	-0.0035644	-0.0015497	-0.004077	-0.010312	0.0019073	-0.0026941	-0.0029445	-0.0063777	0.0027657	0.016892	-0.013351	-0.0037671
-0.0069499	-0.0054478	-0.0086309	-0.0063182	-0.0062467	0.001943	-0.014746	-0.010359	-0.0059485	0.0059009	0.0048279	0.0022293	0.0051022	0.016332	-0.0025987	-0.0070334
-0.0175	-0.011825	-0.0052929	-0.0050784	-0.0077129	-0.0097276	-0.0065685	-0.017691	-0.010276	-0.0054122	-0.0039459	-2.38e-05	0.0073789	0.0003337	-0.0032783	-0.012863
-0.013459	-0.0075937	-0.0090481	-0.0057816	-0.0032305	0.0008464	0.0005603	-0.0092269	-0.014305	-0.00273	0.0005245	-0.0040411	0.0045418	0.01694	-0.0025272	-0.0053404
-0.0065565	-0.0044227	-0.0013707	-0.0056625	-0.0064016	-0.010717	-0.0027419	-0.001502	0.0003457	0.0016331	0.0020029	-0.0019432	0.0043987	0.016773	-0.015879	0.000453
-0.0086904	-0.0056267	-0.0036241	-0.0069977	-0.0056624	-0.0076174	-0.0009059	-0.017464	-0.014889	0.0009893	-0.0023008	0.0042081	0.0022291	0.009489	-0.0051141	-0.0007272
-0.0041724	-0.000918	-0.0033499	-0.01365	-0.0038384	-0.0081899	-0.001657	-0.013626	-0.012183	-0.0004887	-0.007379	-0.0057102	0.0094295	0.01626	0.0019668	0.0004887
-0.016463	-0.0015976	0.0024438	-0.011301	-0.0050901	-0.011265	-0.0007392	-0.0098825	-0.0078202	0.0018478	-0.0044466	0.0018	0.0033258	0.017297	0.0036359	0.0009537
-0.0085473	-0.0096917	-0.004256	-0.0028967	-0.011122	-0.0088334	-0.0005365	-0.0088215	-0.0089406	-0.0045538	-9.53e-05	-0.0062108	0.0063539	0.019157	0.0052214	0.0035644
-0.002396	-0.0029802	-0.0074745	-0.010717	-0.0095723	-0.013173	-0.0030398	-0.01303	-0.0032307	-0.0021697	-0.0077487	-0.0021815	0.0070094	0.0031352	-0.0058294	-0.009489
-0.0052571	-0.010657	-0.0051738	-0.010693	-0.0023246	-0.010884	-0.0001431	-0.01272	-0.015747	-0.008142	-0.011051	-0.005114	-0.0017882	0.016022	-0.009048	-0.0056267
-0.008762	-0.0092029	-0.014365	-0.0080585	-0.0083448	-0.010395	0.0038863	-0.014544	-0.011694	-0.0037073	-0.0023724	-0.003624	-0.0029206	0.016427	-0.0029445	-0.0068784
-0.019896	-0.0036716	-0.0025153	-0.0083565	-0.0041963	-0.0071644	-0.0008583	-0.013793	-0.017333	-0.0037312	-0.01173	-0.000906	-0.0013113	0.0093341	0.0026345	-0.0069499
-0.0046492	-0.0097394	-0.0036123	-0.0066281	-0.012887	-0.015259	-0.0040294	-0.013364	-0.023449	-0.012398	-0.0054478	-0.0049234	0.0095844	0.011933	-0.0085353	-0.0071049
-0.013077	-0.0044465	-0.01111	-0.014031	-0.006318	-0.017071	0.0060916	-0.016558	-0.014675	-0.01173	-0.013399	-0.011265	0.0044464	0.0035166	-0.0008108	-0.0039577
-0.0095964	-0.0076055	-0.0073194	-0.0041365	-0.0073076	-0.01266	0.0008107	-0.010359	-0.012457	-0.0079035	-0.0077249	-0.013399	-0.0002861	0.029671	0.0079276	-0.0076296
-0.014293	-0.0078203	-0.0077485	-0.0040175	-0.0082372	-0.021422	-0.0025154	-0.015819	-0.023735	-0.0058532	-0.0078321	-0.0068785	-0.0023486	0.0099062	-0.0032425	-0.0099421
-0.013626	-0.013244	-0.010765	-0.0064612	-0.0032904	-0.010622	-0.008452	-0.018418	-0.011242	-0.0081778	-0.0077963	-0.0020385	-0.0029802	0.0086547	0.0047684	-0.01005
-0.0094413	-0.01179	-0.0088573	-0.0055075	-0.0010133	-0.0099661	-0.0060798	-0.014353	-0.020885	-0.023842	-0.015426	-0.014508	-0.0011802	0.01539	-0.0021816	0.0001193
-0.016558	-0.0084402	-0.0089528	-0.008142	-0.0048281	-0.010407	-0.0038624	-0.011241	-0.014484	-0.011885	-0.0081659	-0.010872	0.0032661	0.013673	-0.0062705	-0.0041128
-0.015807	-0.008404	-0.0004768	-0.0046374	-0.012457	-0.0070453	-0.014258	-0.010348	-0.0090839	-0.019825	-0.015426	-0.011349	0.005293	0.0071049	-0.0022411	-0.0002742
-0.018156	-0.013387	-0.012124	-0.0064254	-0.0085354	-0.013256	-0.0092628	-0.013042	-0.011814	-0.012446	-0.011361	-0.0072835	-0.0011444	0.011158	-0.0005842	-0.0025391
-0.015474	-0.012732	-0.0088811	-0.0081539	-0.0049114	-0.0047682	-0.0039458	-0.0086308	-0.0036836	-0.0121	-0.013006	-0.011623	0.0008822	0.014615	0.0002027	-0.007248
-0.011945	-0.0049591	-0.016356	-0.0070929	-0.01365	-0.0053168	-0.0010132	-0.0090004	-0.011516	-0.018084	-0.011063	-0.0099184	0.0054597	0.010312	-0.0015855	0.0094653
-0.011528	-0.011468	-0.0042915	-0.0008584	-0.0091077	-0.010169	-0.0051857	-0.0088811	-0.0075817	-0.010884	-0.014091	-0.013649	-0.0001789	0.017882	-0.0074745	-0.0062468
-0.019789	-0.013209	-0.0014663	-0.0056863	-0.0074744	-0.0074984	-0.0078916	-0.0093579	-0.011563	-0.012851	-0.013471	-0.014198	0.0016332	0.0090243	0.0031948	0.0004889
-0.018048	-0.011277	-0.0057101	-0.0027654	-0.01744	-0.0017644	-0.0071763	-0.015044	-0.017893	-0.010586	-0.0090363	-0.007522	-0.0012993	0.0051616	-0.0030041	-0.011838
-0.011265	-0.0087143	-0.010812	-0.0082373	-0.014365	-0.0047683	-0.006521	-0.0068904	-0.0048279	-0.013864	-0.012088	-0.016832	0.0028968	0.013268	-0.012934	-0.0078201
-0.015235	-0.0081061	-0.0097396	-0.0032067	-0.012434	-0.0002382	-0.011742	-0.014317	-0.013864	-0.013769	-0.0097513	-0.0011444	0.00484	0.012744	0.003016	-0.0066401
-0.0099423	-0.0080943	-0.0087142	-0.0043036	-0.011349	-0.0002263	-0.013793	-0.0076532	-0.01142	-0.0084403	-0.0082732	-0.017023	-0.0085235	0.014365	-0.0030757	-0.0011207
-0.01899	-0.0027538	-0.0081301	-0.01154	-0.015605	-0.0074865	-0.0035406	-0.017584	-0.015533	-0.016081	-0.011766	-0.0108	0.0056387	0.0017524	0.0024796	0.0038624
-0.015807	-0.0050667	-0.003028	-0.010264	-0.021136	-0.015664	-0.022054	-0.013029	-0.016832	-0.010788	-0.011337	-0.010228	0.000143	0.0081896	-0.0060439	-0.0088572
-0.017798	-0.0056505	-0.0055196	-0.010908	-0.0090718	-0.0060798	-0.0042917	-0.015032	-0.01452	-0.012302	-0.013935	-0.0084877	-0.0059487	0.0086902	-0.0021935	-0.017786
-0.019324	-0.0094295	-0.01483	-0.009668	-0.010216	-0.010788	-0.0033855	-0.0089884	-0.014698	-0.017703	-0.011218	-0.019026	-0.0060082	0.015771	-0.0082731	-0.0033855
-0.011968	-0.0078439	-0.0074864	-0.0062228	-0.013316	-0.010872	-0.017166	-0.0090242	-0.0053405	-0.017857	-0.024021	-0.012755	-0.0014425	0.012815	-0.0044823	-0.014949
-0.0080944	-0.0094057	-0.014031	-0.0057697	-0.0069736	-0.011706	-0.013769	-0.0023008	-0.012219	-0.014448	-0.01235	-0.0081659	-0.0039578	0.018645	-0.008762	-0.0016332
-0.020218	-0.011969	-0.0090124	-0.0020385	-0.0090838	-0.0085354	-0.016403	-0.012863	-0.0058174	-0.01266	-0.0025869	-0.013721	-0.0069142	0.019098	0.003028	-0.0055552
-0.020981	-0.0010371	-0.0022055	-0.014043	-0.0083684	-0.011384	-0.012326	-0.016308	-0.012136	-0.0037671	0.0006677	-0.0080706	0.0024558	0.015485	0.0031351	-0.010049
-0.0061396	-0.0039458	-0.010336	-0.0079988	-0.0077604	-0.0078679	-0.017166	-0.010717	-0.015688	-0.017309	-0.012839	-0.0094532	0.0050186	0.012994	0.0060918	-0.0055672
-0.012088	-0.0041248	-0.01266	-0.0043632	-0.0072957	-0.0093817	-0.0099303	-0.013995	-0.020123	-0.024128	-0.020421	-0.0075461	-0.0045776	0.015116	-0.0017404	0.0012397
-0.013578	-0.0090242	-0.0088693	-0.012684	-0.012994	-0.008893	-0.0061274	-0.011158	-0.010669	-0.0094056	-0.011432	-0.011635	-0.0047684	0.010037	-0.0066639	-0.0050309
-0.00453	-0.0095963	-0.010955	-0.0047684	-0.0059128	-0.023067	-0.0075102	-0.012863	-0.012302	-0.01632	-0.020623	-0.011062	7.15e-05	0.0035524	-0.01049	-9.53e-05
-0.015021	-0.0087382	-0.015855	-0.0022531	-0.010586	-0.011945	-0.015616	-0.016666	-0.0175	-0.014019	-0.019145	-0.011814	0.0098946	0.02029	-0.0078917	-0.0041127
-0.021279	-0.010717	-0.0082851	-0.011814	-0.023174	-0.021041	-0.0071646	-0.017858	-0.017882	-0.031853	-0.018335	-0.014293	0.0012159	0.016975	0.0039576	-0.015497
-0.0091791	-0.0028134	-0.0033736	-0.010789	-0.013304	-0.019026	-0.0093698	-0.0069022	-0.010764	-0.011349	-0.020242	-0.0089528	-0.0069618	0.024593	-0.0024794	-0.0060559
-0.01415	-0.0073672	-0.0065565	-0.0099658	-0.015128	-0.0093343	-0.016832	-0.020683	-0.011981	-0.002861	-0.015795	-0.0048279	-0.0030399	0.004804	-0.0028132	-0.024903
-0.015807	-0.013661	-0.01117	-0.010681	-0.0084521	-0.015593	-0.0029801	-0.014341	-0.014687	-0.014138	-0.0074508	-0.018668	-0.0002026	0.013924	0.0072717	-0.010407
-0.01123	-0.010979	-0.01123	-0.0098228	-0.0103	-0.0093939	-0.012505	-0.018406	-0.015152	-0.015986	-0.013471	-0.012899	-0.0024081	0.00546	-0.0027181	-0.019836
-0.013745	-0.0051857	-0.012565	-0.0037432	-0.014126	-0.017011	-0.0016333	-0.0040173	-0.0009536	-0.016689	-0.022697	-0.01508	-0.0067473	0.014889	-0.019789	-0.013542
-0.015259	-0.011635	-0.001335	-0.011826	-0.013542	-0.0044943	-0.0012518	-0.011671	-0.015664	-0.0089169	-0.0028849	-0.018287	0.0004409	0.013209	0.0058412	-0.013864
-0.019407	-0.0023006	-0.010049	-0.0074627	-0.016129	-0.01086	-0.012863	-0.016535	-0.011814	-0.016082	-0.014162	-0.014878	-0.0020861	0.010181	-0.0062824	-0.0090599
-0.014341	-0.0061273	-0.0043511	-0.011635	-0.019777	-0.0072719	-0.016248	-0.0074387	-0.0063181	-0.01998	-0.012672	-0.011504	0.0010491	0.015724	-0.0031231	-0.012636
-0.013101	-0.006497	-0.015926	-0.0032306	-0.00844	-0.01694	-0.013614	-0.012171	-0.013173	-0.016117	-0.016701	-0.010884	0.0040532	0.0058055	0.0054121	-0.010145
-0.019419	-0.010133	-0.015187	-0.006175	-0.013518	-0.0038385	-0.0098349	-0.016678	-0.012422	-0.01421	-0.011671	-0.011671	-0.0001551	0.0097277	-0.0006198	-0.01086
-0.018788	-0.010812	-0.0073077	-0.0068068	-0.0064494	-0.0089407	-0.0072955	-0.0093936	-0.0077248	-0.0041128	-0.0042796	-0.015235	0.0070691	0.0057697	-0.0099541	-0.006616
-0.014186	-0.012565	-0.0099302	-0.0070455	-0.024498	-0.012529	-0.020885	-0.01061	-0.014329	-0.013447	-0.015986	-0.0099184	-0.001526	0.011385	0.0051261	-0.0049354
-0.018191	-0.0078679	-0.007534	-0.016093	-0.017893	-0.014913	-0.01471	-0.011683	-0.015128	-0.011683	-0.011897	-0.018096	-0.0021933	0.0066638	-0.0082492	-0.0096918
-0.018811	-0.0060915	-0.010192	-0.0063182	-0.01893	-0.0056149	-0.022364	-0.0062466	-0.011206	-0.0087739	-0.011122	-0.013721	-0.000441	0.015831	0.0091316	-0.0041962
-0.011361	-0.0015855	-0.011015	-0.01601	-0.012899	-0.0095368	-0.011981	-0.013864	-0.0032782	-0.015914	-0.01471	-0.015402	-0.0048281	0.016058	0.0027061	0.0036837
-0.016439	-0.014532	-0.0096679	0.0010253	-0.014758	-0.0089765	-0.020206	-0.0076055	-0.012887	-0.022543	-0.017023	-0.0053526	-0.0013711	0.015247	-0.0013472	0.0029326
-0.011241	-0.0058293	-0.012493	-0.014973	-0.013793	-0.0046612	-0.017905	-0.012136	-0.0083209	-0.0081301	-0.011432	-0.013781	0.000608	0.014794	0.0004888	-0.010085
-0.018084	-0.0028848	-0.014174	-0.0083923	-0.01049	-0.0089766	-0.0030278	-0.0097276	-0.0077845	-0.0082134	-0.012362	-0.010061	0.0063181	0.011623	-0.0026941	0.0003457
-0.014174	-0.013495	-0.016773	-0.011647	-0.019097	-0.010371	0.0007987	-0.0044106	-0.013053	-0.014162	-0.0052335	-0.014293	0.0013114	0.012386	-0.0024437	-0.0014663
-0.019145	-0.011504	-0.0091315	-0.013912	-0.013149	-0.017905	-0.012517	-0.016368	-0.014532	-0.0093462	-0.016487	-0.0021817	0.0045179	0.0058771	-0.000584	-0.015771
-0.012529	-0.011384	-0.015509	-0.0051379	-0.019312	-0.017262	-0.0058297	-0.01514	-0.020218	-0.020278	-0.020731	-0.0027298	-0.0044585	0.020802	0.0028252	-0.0001668
-0.022161	-0.0087262	-0.0089646	-0.0025867	-0.021553	-0.0045896	-0.015509	-0.015795	-0.024402	-0.011826	-0.014508	-0.010908	0.001943	0.012207	-0.0055791	-0.010646
-0.022817	-0.009048	-0.010812	-0.011349	-0.0077843	-0.014353	-0.013292	-0.0076534	-0.010395	-0.013816	-0.007367	-0.013697	-0.011134	0.015259	0.0025751	-0.0005366
-0.014865	-0.012827	-0.0095249	-0.0081182	-0.0069261	-0.017011	-0.0066638	-0.013077	-0.014591	-0.01241	-0.014055	-0.0090718	-0.0028612	0.020111	0.0046135	-0.0046612
-0.014484	-0.0074269	-0.0091195	-0.0078916	-0.0048518	-0.017869	-0.015509	-0.0070215	-0.013173	-0.016999	-0.022066	-0.012123	0.001812	0.0045061	-0.0069857	-0.0051975
-0.015188	-0.007999	-0.010729	-0.0096082	-0.012672	-0.019562	-0.012827	-0.014627	-0.010705	-0.015461	-0.014055	-0.012815	-0.010812	0.0088096	-0.0080704	-0.016523
-0.013053	-0.0074268	-0.011587	-0.0086665	-0.015617	-0.010204	-0.0012994	-0.01272	-0.015473	-0.023305	-0.020564	-0.0074267	0.0008583	0.013757	-0.0055792	-0.014103
-0.010204	-0.011575	-0.0088572	-0.015354	-0.012481	-0.01781	-0.018776	-0.014913	-0.0057577	-0.01452	-0.0074028	-0.015521	0.0050666	0.01502	0.0002742	-0.0007511
-0.020731	-0.0066041	-0.012899	-0.014186	-0.0053525	-0.0089884	-0.012791	-0.012171	-0.011146	-0.014698	-0.0098229	-0.011897	0.0022889	0.013054	-0.0017405	-0.01595
-0.012565	-0.007391	-0.010014	-0.0093699	-0.011873	-0.0088453	-0.01787	-0.016368	-0.010574	-0.017631	-0.020373	-0.011468	-0.0071168	0.012016	0.003159	0.0015378
-0.017881	-0.0090957	-0.0052213	-0.0072956	-0.010705	-0.01272	-0.017274	-0.0043869	-0.011647	-0.012493	-0.006807	-0.013328	-0.0038624	0.012183	-0.0028132	-0.0051498
-0.013292	-0.016522	-0.0080348	-0.011265	-0.013971	-0.014627	-0.0082255	-0.018704	-0.017703	-0.0092866	-0.0095607	-0.0072003	-0.0019313	0.014424	0.0079633	-0.0025749
-0.018549	-0.011933	-0.010455	-0.016308	-0.014079	-0.015223	-0.013316	-0.010765	-0.013995	-0.018311	-0.012803	-0.0089646	-0.0007988	0.018835	0.005889	-0.01539
-0.010002	-0.0097038	-0.010455	-0.0097634	-0.015473	-0.016963	-0.0068784	-0.0068784	-0.011134	-0.016725	-0.012171	-0.021911	0.0029921	0.013065	-0.002706	-0.017154
-0.017595	-0.015652	-0.010145	-0.0094653	-0.010467	-0.0087739	-0.012136	-0.012374	-0.014758	-0.010633	-0.015414	-0.010455	-0.000453	0.0069736	-0.0058891	-0.014997
-0.013804	-0.0094416	-0.0093102	-0.012434	-0.0082611	-0.013554	-0.016046	-0.019085	-0.0094057	-0.01874	-0.013781	-0.0097276	0.0029683	0.013912	0.000596	0.0061273
-0.015342	-0.0090242	-0.0081181	-0.0072242	-0.016987	-0.0092626	-0.017464	-0.016272	-0.012279	-0.0093937	-0.0089169	-0.0050306	0.0004888	0.0088454	0.0056984	-0.0071885
-0.021493	-0.010657	-0.0069263	-0.011122	-0.01787	-0.014353	-0.0017644	-0.01514	-0.017512	-0.014711	-0.0055314	-0.0045063	-0.0004173	0.004792	0.0062943	-0.0026584
-0.021827	-0.013161	-0.0030637	-0.0086666	-0.014246	-0.0078202	-0.01334	-0.026846	-0.024211	-0.022399	-0.0074388	-0.010073	-0.0017523	0.020874	-0.0010966	-0.010169
-0.017846	-0.012231	-0.011575	-0.0056744	-0.011897	-0.021791	-0.0036239	-0.017822	-0.016523	-0.001681	-0.0094892	-0.013244	-0.0057579	0.01452	0.0078679	-0.0079753
-0.014079	-0.01291	-0.010097	-0.012767	-0.017381	-0.0050187	-0.019336	-0.016785	-0.02408	-0.014532	-0.0081301	-0.017512	-0.0041487	0.011718	0.0002741	-0.0023246
-0.020981	-0.0057817	-0.0085474	-0.0091434	-0.016773	-0.013268	-0.014186	-0.0053286	-0.011456	-0.024331	-0.012267	-0.0066757	0.0042797	0.0078082	-0.0019669	-0.010979
-0.022197	-0.01204	-0.0069857	-0.007546	-0.010037	-0.012684	-0.010896	-0.011599	-0.014091	-0.014555	-0.016212	-0.013852	-0.0096202	0.015068	-0.0072242	-0.0035524
-0.018168	-0.0095368	-0.014782	-0.012982	-0.017715	-0.015569	-0.0095606	-0.0057579	-0.01663	-0.018191	-0.018621	-0.012922	0.0004053	0.016284	-0.0018358	-0.008738
-0.013352	-0.015664	-0.013506	-0.0086546	-0.015175	-0.013757	-0.015283	-0.0077486	-0.012267	-0.020063	-0.011468	-0.018513	0.0011803	0.019503	0.003016	-0.005734
-0.014341	-0.0094176	-0.014484	-0.0055313	-0.014377	-0.0066757	-0.02017	-0.0090361	-0.017226	-0.021088	-0.017977	-0.003195	0.0057102	0.01334	-9.55e-05	-0.0080108
-0.018954	-0.013626	-0.0087141	-0.010288	-0.017893	-0.012147	-0.0043511	-0.014985	-0.014937	-0.0077964	-0.0022769	-0.0062347	0.0005125	0.012827	-0.0053525	-0.0064254
-0.019574	-0.012314	-0.015497	-0.01545	-0.012028	-0.0097395	-0.010622	-0.01229	-0.016117	-0.022876	-0.014544	-0.0058412	-0.003016	0.0036599	-0.0056266	0.002575
-0.013483	-0.011706	-0.0084282	-0.01334	-0.011814	-0.023175	-0.010836	-0.012469	-0.0065447	-0.013089	-0.016653	-0.018764	0.0033379	0.0072717	-0.0050427	-0.0085354
-0.016272	-0.0065447	-0.011647	-0.014162	-0.015044	-0.019705	-0.012684	-0.026918	-0.022602	-0.013685	-0.016081	-0.0056982	0.0009656	0.012159	0.001657	-0.005436
-0.021172	-0.0092626	-0.0069141	-0.011063	-0.018942	-0.01446	-0.0065208	-0.011718	-0.0093816	-0.022304	-0.019872	-0.017643	-0.0099898	0.0092862	-0.0020982	-0.014901
-0.026107	-0.011015	-0.010145	-0.008452	-0.013089	-0.015748	-0.0074745	-0.017464	-0.016379	-0.015545	-0.0091672	-0.0055909	-0.0016094	0.014687	-0.0087023	-0.0080706
-0.015688	-0.011623	-0.01018	-0.0085593	-0.014949	-0.0057816	-0.017607	-0.021017	-0.021374	-0.015247	-0.011933	-0.014675	0.0035047	0.012303	-0.0088335	-0.011277
-0.016213	-0.0073554	-0.0061752	-0.0073552	-0.01545	-0.008261	-0.0008941	-0.016248	-0.019074	-0.0078438	-0.0041962	-0.002742	-0.0006199	0.0084998	-0.0065207	0.0007032
-0.015068	-0.013316	-0.011003	-0.013292	-0.01812	-0.020969	-0.013852	-0.0093342	-0.01297	-0.018036	-0.013542	-0.015724	0.0048638	0.010276	0.0006795	-0.0030755
-0.025034	-0.010657	-0.0099659	-0.013864	-0.014329	-0.010991	-0.0094532	-0.012481	-0.014055	-0.02054	-0.019169	-0.013351	-0.002289	0.018811	-0.00664	-0.010026
-0.02011	-0.011647	-0.0086069	-0.014675	-0.014901	-0.019944	-0.016773	-0.018191	-0.021827	-0.012624	-0.011325	-0.016999	-0.0063657	0.010097	-0.0021101	-0.0079394
-0.017059	-0.0078083	-0.0047088	-0.015235	-0.013351	-0.0057937	-0.01148	-0.020016	-0.019598	-0.01204	-0.011218	-0.019396	-0.0079514	0.019288	0.0027538	-0.01055
-0.01601	-0.0040174	-0.0093699	-0.0084877	-0.017488	-0.0070928	-0.01185	-0.018048	-0.011182	-0.0080825	-0.014234	-0.0009656	-0.0044942	0.014591	-0.0002385	-0.011873
-0.018203	-0.0043273	-0.011647	-0.012386	-0.013125	-0.020909	-0.019133	-0.016403	-0.01384	-0.019252	-0.016153	-0.011527	0.0031234	0.017631	0.0010014	-0.016117
-0.016391	-0.0026942	-0.011814	-0.016499	-0.0089767	-0.01595	-0.012505	-0.01564	-0.012517	-0.0080586	-0.006485	-0.016535	0.0022054	0.0051976	-0.0059605	-0.0081422
-0.020659	-0.011945	-0.0065089	-0.0098706	-0.014114	-0.017464	-0.0084641	-0.0087381	-0.016463	-0.01955	-0.0074743	-0.014174	0.0099779	0.016415	-0.0073433	-0.0039817
-0.01626	-0.01291	-0.0084518	-0.0083329	-0.011838	-0.0070334	-0.0054598	-0.018418	-0.017047	-0.013602	-0.0090836	-0.014508	0.0024197	0.018549	-0.0060083	-0.0054122
-0.014794	-0.0098349	-0.010717	-0.0057338	-0.0121	-0.0086068	-0.013125	-0.0085713	-0.014365	-0.011325	-0.010944	-0.012505	0.0040889	0.0007629	-0.0056864	-0.00149
-0.013661	-0.014365	-0.010431	-0.0080704	-0.0066279	-0.0005126	-0.0018834	-0.013924	-0.013363	-0.0062109	-0.0062466	-0.014555	0.0037552	0.006485	0.0090003	-0.000763
-0.018442	-0.014365	-0.0090716	-0.013769	-0.011253	-0.0032306	-0.013828	-0.0054717	-0.011527	-0.016201	-0.009346	-0.012744	0.0022889	0.011241	0.0006793	-0.0081062
-0.021303	-0.01992	-0.010347	-0.0073792	-0.014985	-0.0094772	-0.0038506	-0.023544	-0.014281	-0.0097514	-0.0085593	-0.012064	0.0020623	0.01713	-0.0024081	-0.0080468
-0.01992	-0.0085117	-0.0085354	-0.0099421	-0.01483	-0.0076891	-0.015795	-0.011087	-0.0092744	-0.012112	-0.0096441	-0.0074864	0.0011205	0.014913	-0.012016	-0.0044226
-0.0247	-0.015616	-0.012505	-0.011683	-0.017107	-0.0043153	-0.0066993	-0.016379	-0.012124	-0.0068664	-0.0062347	-0.014258	-0.001073	0.0080228	-0.0067951	-0.0034213
-0.027394	-0.015068	-0.012636	-0.014174	-0.012958	-0.0025034	-0.017262	-0.014603	-0.017905	-0.015569	-0.012624	-0.016201	0.000298	0.01905	-0.0036835	-0.0050187
-0.022805	-0.017607	-0.0051618	-0.010848	-0.01235	-0.010371	-0.0078678	-0.010812	-0.017083	-0.015497	-0.014234	-0.0079036	-0.0072121	0.007999	-0.0043154	-0.0052214
-0.018048	-0.0067473	-0.0070692	-0.0084043	-0.015807	-0.017703	-0.0097275	-0.0088096	-0.013506	-0.025165	-0.020862	-0.012898	0.0025032	0.024748	-0.0057699	-0.013757
-0.01365	-0.012136	-0.0045658	-0.0091552	-0.019646	-0.010801	-0.0075818	-0.016582	-0.012362	-0.013232	-0.011265	-0.013566	0.0045418	0.018084	0.0034929	-0.0051259
-0.01353	-0.015044	-0.010395	-0.014794	-0.010646	-0.0070573	-0.010753	-0.002718	-0.0096799	-0.016201	-0.0083209	-0.0081779	0.0002741	0.0085711	-0.0004173	0.0036478
-0.020409	-0.008297	-0.0046491	-0.0082018	-0.013638	-0.0086427	-0.0038146	-0.01111	-0.010133	-0.012577	-0.0059127	-0.018489	-0.0016451	0.01409	-0.0034213	-0.0047446
-0.011492	-0.017035	-0.0053406	-0.011563	-0.015545	-0.015628	-0.016058	-0.013351	-0.013244	-0.0082731	-0.01061	-0.016618	-0.0068545	0.016797	-0.013661	-0.0052215
-0.016177	-0.016153	-0.012183	-0.014258	-0.0079988	-0.018227	-0.00664	-0.023008	-0.013924	-0.006032	-0.012088	-0.0047684	-0.0016212	0.013542	0.0001192	-0.0085832
-0.015855	-0.012541	-0.012195	-0.010777	-0.01365	-0.0058293	-0.012326	-0.019216	-0.023353	-0.0055313	-0.003159	-0.0047445	-0.0041365	0.014651	-0.011039	0.0017524
-0.016844	-0.013924	-0.0078558	-0.0095368	-0.011468	-0.013614	-0.016034	-0.012863	-0.021184	-0.016821	-0.013351	-0.010848	-0.0023365	0.019038	-0.004709	-0.013399
-0.013399	-0.016689	-0.013733	-0.0067355	-0.012541	-0.016427	-0.016773	-0.0054122	-0.014365	-0.012696	-0.011921	-0.0081061	0.0006556	0.024927	-0.013721	-0.018501
-0.014806	-0.011039	-0.011146	-0.01142	-0.01576	-0.014186	-0.018656	-0.0058532	-0.010371	-0.017882	-0.010359	-0.0052094	0.0066996	0.0175	-0.010514	0.0053049
-0.017011	-0.010049	-0.014746	-0.01117	-0.016975	-0.01502	-0.01241	-0.006807	-0.0083209	-0.023103	-0.014412	-0.01297	-0.0053645	0.020695	-0.0078916	-0.0041842
-0.0040412	-0.0095487	-0.003481	-0.0042081	-0.011671	-0.011516	-0.012124	-0.010145	-0.014496	-0.017691	-0.021875	-0.0087859	-0.009811	0.0033498	0.0017524	-0.0005603
-9.51e-05	-0.0085951	-0.0090124	-0.0095724	-0.017178	-0.019813	-0.0047325	-0.016058	-0.017095	-0.01471	-0.014377	-0.0081778	0.0044347	0.010824	-0.01123	-0.011766
-0.0003456	-0.0080825	-0.00695	-0.010502	-0.0039339	-0.012255	-0.0086189	-0.015545	-0.015831	-0.015152	-0.016141	-0.011408	0.0035167	0.0095608	-0.0079752	-0.015235
-0.0012636	-0.0058173	-0.015259	-0.0039936	-0.0096441	-0.0093102	-0.019097	-0.014222	-0.018788	-0.015545	-0.017965	-0.010002	-0.0033141	0.010765	-0.010395	-0.0065925
-0.0029087	-0.010073	-0.011134	-0.0078202	-0.015605	-0.017572	-0.0076531	-0.016236	-0.015736	-0.019062	-0.014496	-0.015593	-0.0037789	0.0010132	0.0012757	-0.0018956
0.011599	0.0030874	-0.0002504	-0.0090601	-0.018179	-0.012732	-0.019121	-0.022638	-0.025201	-0.017941	-0.015903	-0.016332	-0.0053763	0.0096083	-0.0028491	-0.0068426
0.0063538	-0.003159	-0.012898	-0.019395	-0.020695	-0.023508	-0.020361	-0.021577	-0.0229	-0.017774	-0.022126	-0.019396	-0.0070217	-0.0023365	-0.013316	-0.01446
0.0062108	-0.0098705	-0.012362	-0.019598	-0.020659	-0.021994	-0.015342	-0.032807	-0.031328	-0.023902	-0.019145	-0.024462	-0.018501	0.0048996	-0.011528	-0.01713
-0.0038266	-0.0046373	-0.01539	-0.021732	-0.027502	-0.030923	-0.028098	-0.033701	-0.033879	-0.023341	-0.029636	-0.022554	-0.013423	0.0003338	-0.014162	-0.016439
